11.131 -5.3392
15.083 -7.6598
14.82 -10.021
13.046 -8.924
14.615 -10.976
14.276 -9.0194
16.389 -12.862
12.685 -8.1958
12.703 -5.2269
13.8 -5.1657
14.939 -7.6758
15.157 -12.221
14.244 -10.457
12.857 -9.5801
12.332 -9.4442
12.883 -6.5191
16.379 -11.528
15.958 -11.968
18.136 -13.734
15.265 -11.044
17.557 -13.269
13.473 -10.346
15.326 -10.634
12.281 -8.2706
16.386 -9.7679
14.902 -8.7056
13.675 -11.583
13.773 -9.9709
12.87 -10.097
16.017 -12.619
12.561 -7.2795
14.816 -8.1241
13.143 -8.1753
14.15 -10.043
10.009 -3.6498
15.443 -11.614
14.447 -6.8862
12.11 -8.4709
14.652 -6.8168
15.316 -10.003
16.608 -13.738
14.902 -10.612
10.794 -4.8394
13.712 -9.8382
13.211 -10.754
12.905 -6.4177
13.529 -6.1984
14.384 -9.3228
14.034 -8.5797
18.484 -13.621
15.007 -9.5085
15.347 -13.33
16.25 -8.0402
11.099 -5.927
13.596 -8.7687
13.312 -11.748
16.222 -10.445
17.52 -16.046
11.694 -8.5763
11.569 -6.7692
14.808 -9.0285
17.158 -11.663
13.968 -8.6315
16.413 -10.074
13.89 -10.342
15.263 -12.263
14.189 -7.4415
11.877 -5.7178
14.912 -7.335
13.298 -8.6595
14.238 -12.797
14.288 -7.3867
14.161 -10.154
16.449 -10.485
14.759 -10.659
13.695 -9.1235
15.671 -9.3997
12.731 -6.5883
15.546 -12.51
14.838 -9.0351
12.966 -10.944
10.403 -5.7826
15.263 -8.9909
12.532 -7.4707
11.559 -7.7724
15.028 -11.503
14.132 -9.3078
15.879 -10.326
14.035 -7.8213
16.575 -13.212
13.277 -11.011
14.967 -7.9847
15.591 -12.55
14.762 -8.8708
13.758 -10.635
11.496 -6.1071
14.766 -10.211
12.486 -9.0633
13.899 -8.8992
11.533 -5.437
14.958 -11.135
12.889 -9.6168
13.226 -6.695
15.357 -11.717
16.207 -12.725
16.823 -8.4608
10.564 -5.883
13.424 -8.1597
12.795 -9.8554
13.864 -8.5719
15.091 -8.883
12.554 -10.986
17.382 -10.66
14.249 -6.5521
15.814 -9.3542
12.401 -8.6957
14.547 -9.8701
15.147 -9.9194
14.194 -7.208
15.211 -11.125
15.471 -10.24
18.838 -11.007
14.894 -9.9648
16.723 -12.368
14.472 -9.3563
11.526 -6.167
16.041 -11.667
14.938 -12.469
14.66 -8.4132
15.154 -10.284
13.876 -8.958
15.254 -12.702
13.954 -10.2
14.735 -10.5
13.801 -6.9894
16.418 -13.67
13.81 -6.8396
14.13 -7.8323
14.065 -8.5282
13.665 -6.6767
13.895 -9.5174
16.748 -11.374
14.481 -9.3858
14.592 -9.0456
12.029 -7.3181
16.939 -11.265
12.628 -7.6557
13.348 -9.9417
12.087 -7.8027
13.126 -10.62
15.108 -8.3464
13.462 -8.3896
14.343 -7.4976
12.122 -7.3774
14.666 -9.3475
12.041 -6.9486
15.683 -9.8798
12.606 -5.966
13.967 -9.1736
13.953 -9.3947
14.915 -14.386
15.743 -11.2
9.8423 -4.3364
14.889 -10.113
12.201 -3.5822
17.44 -13.569
11.994 -5.1084
13.031 -9.4005
13.953 -9.3588
12.042 -6.0795
12.936 -8.7333
16.954 -10.699
14.201 -7.3781
14.523 -8.2456
12.287 -7.9921
16.895 -9.7471
14.216 -7.9269
14.997 -9.1178
15.492 -11.032
13.785 -8.7176
17.538 -14.963
14.251 -9.2976
12.316 -7.094
11.04 -7.0774
13.135 -7.0129
9.7846 -3.8403
13.657 -7.3129
10.625 -5.1709
14.1 -8.9188
16.22 -11.409
16.448 -13.133
13.837 -11.195
12.771 -7.8852
15.387 -10.414
13.821 -7.4377
12.224 -6.8745
18.152 -14.607
12.489 -5.7576
13.792 -10.364
15.368 -12.553
16.904 -12.566
12.997 -7.4776
15.282 -9.7642
13.816 -10.448
10.665 -5.6974
15.495 -10.483
14.223 -9.9437
11.678 -7.1433
16.097 -11.556
15.793 -11.781
11.655 -7.6718
11.188 -5.4418
16.721 -13.497
14.086 -8.4187
14.866 -9.1559
15.883 -9.1895
14.906 -8.4717
14.528 -9.4449
14.05 -7.6431
12.641 -6.5434
14.943 -11.056
14.953 -11.745
13.623 -7.0448
15.609 -8.7754
12.944 -7.294
11.336 -5.0894
13.092 -5.4997
12.474 -6.4925
13.242 -6.8581
13.849 -10.355
15.057 -8.6513
17.034 -11.754
9.9185 -6.4652
13.602 -7.2729
18.002 -14.915
12.454 -5.337
13.907 -9.8233
15.413 -11.994
15.149 -11.362
11.471 -6.399
13.774 -9.9875
14.804 -10.727
15.093 -15.454
14.685 -9.5882
11.907 -7.4859
16.595 -11.344
11.988 -6.4837
11.868 -7.4442
12.117 -5.7007
14.751 -8.9933
