-9.9498 16.357
-11.713 16.008
-7.6214 12.472
-9.2946 14.205
-10.398 16.727
-8.3751 11.48
-10.538 15.61
-8.4544 11.49
-8.508 12.968
-11.107 16.208
-12.96 16.923
-10.136 15.428
-10.605 15.923
-9.477 15.754
-11.809 17.098
-13.06 17.805
-14.332 17.377
-11.867 15.118
-10.904 14.314
-10.827 15.227
-9.1065 14.035
-10.944 15.874
-11.421 20.177
-10.471 17.802
-7.6113 11.138
-9.8789 16.3
-10.215 15.282
-9.9664 15.42
-7.9351 13.663
-7.5515 13.515
-8.8897 12.449
-8.1525 13.544
-9.8747 14.061
-7.1668 11.568
-8.5917 13.724
-9.4532 14.13
-10.884 14.658
-11.047 17.949
-11.511 18.242
-9.0284 12.642
-10.124 15.042
-8.8621 12.451
-11.065 20.998
-8.7463 11.298
-9.8408 12.785
-9.0976 15.294
-11.468 16.529
-13.034 17.866
-11.111 14.383
-10.516 14.664
-9.878 15.861
-8.6154 12.381
-11.356 14.793
-14.158 19.664
-7.7053 12.278
-8.3104 16.953
-11.93 16.511
-10.136 14.982
-9.4384 12.605
-10.279 15.091
-9.1726 17.404
-11.415 14.674
-9.6162 14.677
-8.6433 12.283
-9.5629 11.228
-10.723 12.989
-11.261 17.722
-9.7759 14.042
-7.0431 13.114
-10.032 15.369
-9.4107 15.634
-10.325 12.417
-8.478 12.704
-10.208 13.636
-9.5463 11.812
-11.684 16.906
-8.4833 12.75
-12.006 18.892
-10.63 14.551
-8.6745 13.366
-8.892 15.654
-11.878 16.623
-9.6036 12.966
-8.6843 13.997
-6.4429 10.731
-8.7346 12.956
-10.874 13.38
-9.2337 13.789
-9.3897 15.404
-9.5278 14.644
-11.913 16.197
-12.431 17.231
-11.799 20.418
-11.151 16.102
-8.5566 12.386
-12.664 18.911
-7.3923 10.262
-9.9652 16.179
-7.793 11.275
-10.073 13.934
-10.065 14.626
-9.4079 14.954
-10.969 14.599
-7.6461 10.867
-8.1165 14.811
-9.5956 16.977
-10.052 14.69
-10.758 16.692
-9.6264 19.471
-10.491 16.675
-12.525 18.322
-10.305 14.876
-10.251 16.498
-11.047 14.647
-8.3172 14.12
-10.258 16.648
-10.051 15.886
-12.812 18.558
-11.971 16.682
-9.999 13.557
-11.372 16.344
-11.89 15.529
-10.033 14.826
-10.046 13.8
-8.2567 12.8
-9.8685 9.8702
-8.6318 11.447
-8.2071 12.219
-8.907 8.5456
-11.161 15.727
-10.954 15.076
-10.152 16.319
-8.121 13.674
-8.3293 14.6
-8.9317 13.1
-9.9493 16.634
-9.8113 16.559
-13.335 18.303
-7.6026 11.82
-12.474 17.833
-9.6138 14.421
-11.394 18.034
-12.525 18.459
-7.4249 10.788
-7.9181 12.611
-8.9997 11.237
-11.143 14.42
-9.0588 13.387
-9.2332 12.971
-9.7373 14.047
-9.9622 13.83
-10.093 14.177
-9.9968 11.768
-9.0033 14.882
-9.7492 14.702
-11.525 15.731
-7.8332 13.591
-11.13 13.903
-11.633 16.785
-7.588 10.096
-10.897 17.332
-12.294 18.896
-10.982 16.701
-10.688 12.252
-7.9034 12.444
-10.938 18.854
-11.426 12.67
-8.3609 13.195
-9.0606 16.324
-8.9088 15.117
-10.11 13.658
-9.3154 14.412
-7.0463 13.301
-11.663 13.184
-8.0533 15.947
-9.8697 16.168
-10.652 14.058
-8.3897 14.213
-9.3855 13.024
-9.1341 14.844
-12.772 19.683
-8.7658 13.241
-12.257 16.738
-11.385 16.625
-12.323 14.588
-12.123 18.282
-13.436 18.117
-7.1656 9.4188
-9.6286 13.45
-9.6209 15.672
-11.692 15.699
-10.184 13.552
-6.2248 11.817
-11.446 13.014
-9.0048 13.875
-12.63 16.492
-10.527 13.654
-11.498 15.643
-7.277 11.632
-4.667 10.154
-9.6306 12.448
-9.1044 11.348
-9.5192 14.614
-10.576 15.84
-12.901 18.073
-10.163 12.805
-9.4173 13.607
-8.9208 13.5
-9.4848 14.293
-11.546 18.663
-10.377 16.955
-7.9588 12.333
-5.8476 9.3926
-10.407 17.18
-9.1107 13.887
-9.0791 13.832
-12.322 16.857
-8.4093 11.45
-6.8118 14.745
-10.652 12.063
-10.343 16.687
-8.9934 14.491
-10.497 15.393
-10.761 14.315
-9.6054 14.429
-11.229 16.115
-12.529 17.601
-12.306 15.424
-5.9985 9.0846
-10.404 15.231
-10.365 16.905
-9.8063 16.792
-13.452 16.491
-9.6568 16.502
-9.8503 13.957
-13.375 18.829
-11.003 16.522
-11.802 18.429
-10.19 17.16
-11.056 16.706
-9.2488 15.007
-6.8422 12.337
-11.421 16.192
-9.9667 15.698
-9.6791 15.371
-9.8681 14.692
-7.1773 15.539
-10.212 15.23
-7.7796 12.591
-10.668 15.037
