3.0897 -1.466
0.00053835 -0.29346
-5.4617 3.4751
-0.85809 -0.31362
-0.71901 -0.87089
1.6093 -2.1163
-2.5263 0.43932
-0.053212 0.20606
1.3473 -1.8298
1.8879 -2.8534
0.29453 0.18762
-3.7284 4.8709
-0.43026 -0.69164
-3.5374 4.6386
3.6005 -3.471
-5.603 5.0986
0.7278 -1.8844
1.4336 -2.2452
0.57138 2.2679
2.3986 -4.183
-1.1428 1.393
-0.29016 1.4054
-0.55157 -0.67009
-1.2531 0.010876
0.28467 1.0844
2.1331 -2.5052
-2.6671 2.427
1.0995 -1.7295
-2.6387 2.8626
0.28493 -1.3374
-5.4632 6.2783
-0.15989 2.1861
0.2246 0.10425
2.0465 -3.1051
2.2955 -2.574
-0.82566 1.994
-3.2928 4.4101
0.90948 -1.3775
2.2475 -2.9055
-1.1148 0.89348
-2.8431 1.2289
-0.30777 -0.18588
2.448 -0.89424
-4.0187 5.4811
-1.7301 -1.5519
1.2136 0.61001
-1.0025 -1.2828
1.048 -1.334
-1.4637 -0.29716
1.642 -2.2598
-2.3488 -0.66823
-0.56663 0.318
0.70806 1.4152
0.70502 -0.74633
1.2655 -2.5633
-0.45498 -0.93975
1.1214 2.289
1.9685 0.55805
-1.7891 1.0088
0.90599 0.60224
1.8329 0.95379
0.077253 0.17765
-2.1608 0.33109
-3.7053 4.1133
-2.1775 2.5057
-1.804 2.8804
2.6531 -1.4666
-2.5959 -0.62795
-0.19036 1.2087
1.7907 0.49825
-1.4147 0.35675
-0.53072 0.41964
-1.3455 1.2062
3.5332 -2.715
-0.70268 1.6132
0.3151 1.6146
-0.40386 0.33544
1.8907 -1.841
2.5347 -2.3143
-3.0487 4.1697
-0.93813 -1.1271
-1.4355 0.98244
-0.41999 2.2221
1.2275 -3.1619
1.4958 -0.96311
-2.5175 -0.88189
-0.5438 -2.3548
-0.022854 0.94116
0.51629 -0.10331
0.49884 -0.090224
0.5102 -1.2348
4.2119 -2.8948
-3.565 2.9347
-0.65577 -0.19459
0.31235 -0.59683
1.4156 -1.7743
1.2623 -0.6079
2.0005 1.8368
0.56592 -2.2788
-0.091068 -1.2883
-1.0255 -0.16539
-0.011994 -0.18219
1.5637 -0.3338
2.4461 -2.3512
-0.17596 3.1859
4.944 -0.92357
-1.0845 2.7734
1.4719 -0.26042
-1.801 0.82523
1.9828 -0.28736
0.62623 -1.7211
-0.11117 -0.72859
-3.183 0.66659
0.9734 -0.54459
0.57937 0.56678
0.8909 -1.7536
0.60506 -0.73583
-0.18218 1.0134
0.95291 -0.74409
3.0739 -2.6597
0.82353 2.3306
-1.3112 1.2012
-4.6769 3.4448
-0.44497 -1.0328
-0.44274 0.65536
0.0022477 -0.023235
-0.58165 -0.87426
-0.43694 0.94919
-1.4553 -1.5202
-4.5151 4.1901
0.63665 -1.4215
-0.43215 -0.20795
1.2841 -0.66493
-3.5416 3.3227
-2.5559 2.4996
0.68282 -1.3144
-1.6598 2.3912
-0.34178 1.0095
0.19849 1.6121
-0.25873 2.6078
-2.8411 5.4977
0.11225 0.11551
1.375 -3.1684
1.3355 -0.46155
0.062042 0.9488
0.99777 0.60434
1.7223 -0.73709
-3.1036 0.59417
4.4032 -2.3351
1.5587 0.91564
0.45563 -0.95632
1.2441 -0.71464
0.10226 -0.34179
-1.2181 0.81732
3.7756 -5.084
-1.5171 2.009
0.93993 0.23807
-0.4646 0.7931
3.0447 -2.5912
-0.70184 -0.26603
2.0587 -1.3347
-3.5718 1.0934
-1.7884 2.8267
0.33539 -1.0466
0.52647 1.3562
-0.67506 4.2349
-1.432 0.30508
1.3886 -0.80716
-0.23874 0.041856
-1.8101 0.34973
3.1931 -1.2875
-0.92283 1.7353
-2.4555 0.18884
0.59479 -0.83672
-0.93922 1.1704
0.44392 0.74009
-0.13337 -0.91517
0.53612 -1.6086
-2.4694 1.4293
2.0014 -2.7041
-0.66317 -0.23289
1.1276 0.52701
1.6538 -3.4863
-1.7172 -0.010462
-1.5405 1.3547
1.8107 0.016083
-0.7492 -0.66918
-1.4663 -0.21356
1.438 0.93147
0.77619 -0.53054
-1.3254 0.53261
-1.9299 1.8752
-0.37466 3.7384
-0.12951 -1.2328
-2.5147 -0.25533
-0.78429 -2.1622
-1.5607 1.5899
3.3792 -2.1455
0.71379 -1.1301
-1.4172 1.6044
1.11 -0.17001
5.9381 -4.109
-0.90767 1.7517
1.0678 -0.95853
-0.70284 0.10862
1.4677 -2.2632
-5.9493 4.2713
0.92646 -0.92927
-1.6499 2.8513
-0.26611 0.58994
-1.6825 3.4153
2.6825 -0.97017
1.8491 0.39354
-0.31412 -1.7474
-1.7555 4.2999
3.9115 -4.9731
-1.8287 1.8202
-2.5325 1.5125
2.7658 0.19559
3.371 -2.8334
-3.0895 4.8822
1.6331 -2.3555
3.0334 -4.0221
-1.2615 -0.20625
-2.7147 0.63581
7.6207 -10.044
1.5037 -1.1488
2.5735 -0.28982
1.2359 -0.22559
2.8063 -0.87212
1.075 -0.011258
-0.55972 0.090377
4.164 -3.1679
3.4197 -2.3702
-1.2292 0.88675
0.39573 -1.7849
2.7815 -2.0562
-2.0061 1.1282
-2.7142 0.83754
-1.4836 1.6988
1.9579 -3.3461
-1.2179 3.323
-4.0734 2.6459
-3.5488 2.9178
2.0071 -3.0913
0.47056 0.64721
2.8358 -1.225
-0.10734 1.8788
-2.3349 1.7172
-1.0106 -0.20852
