10 -7.2 131.03
0.8 -8.4 32.128
8 -5.2 76.588
-2 3.2 7.8654
4.8 3.6 21.94
-8.4 -5.2 23.295
5.2 -8.4 68.006
-0.4 3.6 12.761
-1.2 5.6 18.395
5.2 -3.6 31.983
3.6 -0.8 20.181
7.2 5.2 36.598
-7.2 6.8 102.32
-2 -2.4 -4.8044
-2.8 0.4 2.8646
3.2 -7.2 38.007
-0.4 0.4 -12.926
6.4 2.8 12.873
2.4 7.6 11.993
-2 -5.2 2.6403
-8.8 -2.4 47.673
-4.8 2.4 29.321
-7.6 1.6 61.937
-4.4 -3.6 4.8842
7.6 4 28.506
-8 10 150.34
1.7764e-015 4.8 16.959
-3.2 -6 13.449
-1.2 -3.6 2.4987
8.8 4.4 29.436
6.8 -0.8 21.204
1.7764e-015 8.8 22.261
4 -8.4 51.929
-5.6 -4.8 15.153
-7.2 4.4 70.861
-3.6 -3.2 0.10308
-0.4 -1.2 5.3159
-2 6 25.322
6.8 2.8 11.326
1.7764e-015 8 20.42
-8.4 6 105.5
-7.2 1.2 43.494
-0.4 7.2 18.832
-3.6 -2.8 5.9636
-6.4 5.6 60.728
2 2 0.94679
6.4 6 26.052
9.6 -4.8 110.23
4 3.6 12.369
-2.4 0.8 17.037
6 4.8 24.446
-0.8 -5.2 2.8814
-3.6 2 18.618
1.2 -8.4 19.714
1.6 1.2 -4.7042
2.4 -1.6 8.0084
7.6 -8.8 106.49
4.4 0.4 16.486
5.6 7.6 15.936
-5.6 2.4 29.252
7.2 1.2 30.884
0.4 -1.6 10.113
8.8 10 26.46
3.2 -4.8 22.481
-2 -7.2 1.495
-2.4 1.6 9.3962
-1.6 -4 -0.65328
1.7764e-015 2.4 6.896
1.6 2.8 8.9003
7.2 2 38.713
0.4 -9.2 23.57
-1.2 -1.6 -3.4517
9.6 0.4 64.33
5.2 -9.6 73.29
-8 -4 31.318
-4.8 8.8 72.527
-2 1.7764e-015 3.7699
5.6 5.6 17.287
-4 9.6 63.441
5.6 1.2 10.96
-0.4 1.6 0.44142
3.2 2.4 5.8102
-1.6 -3.6 -1.8433
-3.6 -4.4 2.9442
1.6 -2.8 2.3996
6.8 -8.4 86.579
7.2 6 30.061
0.8 -8.8 15.934
2.8 2.4 12.175
2.4 -4.4 11.811
4 -2 9.588
-5.2 -8.8 8.8673
-1.2 4 9.8574
-3.6 0.8 21.721
-9.2 -8 31.5
6.4 -9.6 91.031
-5.6 0.8 23.628
-1.6 -0.4 -8.0854
10 5.2 35.487
0.8 -2 -1.6545
-4.8 2 26.891
-3.2 10 68.101
-2 -4.8 -1.283
6 -4.8 57.331
-8.4 1.6 60.615
7.2 -4.4 68.903
7.2 -5.2 74.9
-8.8 1.7764e-015 61.987
-6 -5.2 14.091
-3.6 4 30.526
-2.8 1.7764e-015 9.3108
-3.6 -4.8 -0.59644
7.2 -2 68.679
-2 -3.2 3.958
3.6 -2.8 22.132
5.6 -0.4 18.276
4.8 -6.4 52.656
5.2 -0.4 22.656
4.4 1.2 6.8407
-6.4 -0.8 25.112
-4.4 10 81.375
-5.2 -8.4 14.412
6.8 -5.6 57.736
-7.6 -6.4 28.317
-5.2 -2 18.135
2 1.7764e-015 2.2237
3.2 6.8 4.505
1.2 1.6 -10.543
-5.2 0.4 35.642
1.7764e-015 9.6 41.396
6.8 3.2 19.743
9.6 -6.8 125.83
8.4 -1.2 60.526
4.4 -5.2 41.027
-0.8 -3.2 -0.87813
-2.8 -1.2 -4.4438
9.6 -1.6 78.633
-3.6 8.8 52.973
5.2 -8.8 73.178
4 -8 48.104
-4 4.8 41.442
8.4 8 29.977
-4 2 20.957
-4.8 2.8 28.986
-7.2 -8.4 17.101
-6.8 8.4 101.67
2.8 5.2 2.5481
-4.8 9.6 72.677
-7.6 2 58.394
8.4 4.4 35.747
0.4 10 27.073
2 1.2 6.1056
-3.2 -5.6 4.3908
1.6 2 -6.5173
7.2 10 17.511
-4.4 2 22.074
-1.2 -6 10.567
2 4.4 -5.5516
-4.4 9.6 82.669
-9.2 1.2 79.425
-9.6 1.2 63.126
-9.2 -2 64.519
4.8 6.4 11.56
4.8 -0.4 23.535
10 6.8 42.851
-7.6 7.6 108.29
4.4 -7.2 50.358
-8.8 6 106.2
1.7764e-015 -8.4 9.3413
-2 7.6 34.833
1.7764e-015 10 39.699
4 1.2 7.137
5.2 5.2 8.1936
-6.4 -3.2 19.669
-8.4 2.4 74.957
6.8 -8.8 95.569
3.2 -2.4 18.715
-9.2 -9.6 24.323
6 -5.2 53.894
2 4 0.053393
-5.6 -6.8 4.8483
7.6 -4 67.949
8.8 -5.6 94.321
9.6 2 73.046
-8.8 -1.2 50.056
-2.4 2.4 6.1978
-3.6 -2 10.443
1.6 -9.6 34.067
-4 -4 -0.42647
-8.8 9.6 144
-2.8 -4.8 2.7051
2.8 6.8 16.916
2.8 6.4 12.753
-7.6 -3.2 32.172
-6.4 8 85.139
-7.2 10 110.74
-1.6 8.4 40.058
-2 2.8 16.041
-8.8 2.8 89.527
-4 3.2 16.053
-6.4 -7.6 7.9901
8.4 -3.6 71.816
-6.4 3.6 56.716
8.4 6 23.689
-6.8 -6.4 22.488
-6.4 -5.6 6.9746
4 -4.8 29.017
-4.8 -3.6 26.41
7.2 -4 59.892
5.2 6.4 11.428
0.4 -3.6 3.1051
-9.6 -6 55.191
-1.6 -2 -1.0608
8.4 4.8 22.21
-4.4 1.2 30.047
-0.8 2.4 -1.7012
8.8 -4 84.633
5.6 3.6 29.029
4 6.4 0.055819
8.4 1.6 44.781
-8 -1.6 42.206
-6.8 1.2 42.134
-6.4 -1.6 24.623
-3.6 -6.4 -7.3787
3.6 -0.4 13.422
-6.8 -7.6 3.9394
0.4 -5.2 6.9153
8 6 18.145
-4.4 1.7764e-015 11.477
6 2.8 15.75
-7.2 -2.4 20.231
3.6 2 6.2565
-5.6 -1.6 25.912
3.2 0.4 2.3342
0.8 5.6 1.8023
-1.2 4.4 0.55048
-5.6 -1.2 23.85
-9.6 4 101.45
3.6 1.7764e-015 13.061
-3.2 7.2 43.715
5.6 4.4 13.423
6.8 6.8 35.217
-2.8 -0.4 7.2565
-7.2 -8.8 12.719
9.6 5.2 56.076
3.6 6 15.654
-5.2 -1.2 14.375
-0.4 -7.6 10.285
-8 3.2 70.449
-5.6 -0.8 26.274
-1.6 0.8 -8.286
9.6 6 37.651
-6.8 6.8 87.791
10 -6.8 131.24
-2.4 -5.2 8.1099
4 -6.4 42.533
-2.8 3.6 18.566
-9.2 -1.2 59.878
5.6 -2.8 23.614
-6 9.2 81.071
-9.2 -3.2 60.225
-1.6 0.4 -1.6898
6.8 -4.4 62.872
-7.2 -9.2 7.874
0.4 0.8 6.3755
0.4 -6.4 11.386
-4.4 -7.2 3.0495
2 6 7.3083
6.4 2 29.127
-0.4 -5.2 -11.349
-8 9.2 126.17
-1.2 2 11.445
4.4 8 21.026
-4.4 -4.8 9.1539
3.6 -9.6 60.153
0.4 0.4 0.68526
3.2 1.7764e-015 -2.1331
-5.2 10 84.743
4.4 4.8 7.4915
-4 8.4 52.486
-6 6 64.273
-3.2 3.2 23.287
-3.6 1.2 17.149
7.6 6.4 18.574
6 3.6 22.149
1.2 -1.6 9.4199
-6.4 -8.4 14.683
2.4 7.2 18.386
5.2 -2.4 22.709
7.6 -3.6 64.859
9.6 -8.8 150.79
-9.6 10 174.35
5.6 -6.8 62.996
8.4 2.8 28.995
9.2 -4.4 90.13
-2.4 -4 -2.8938
2 -2 11.505
8.8 -5.2 94.289
9.2 0.4 63.644
-0.8 3.6 12.154
1.2 8.8 2.6032
6.8 8 16.158
4.4 6.4 10.593
-1.6 -2.4 -0.71277
-2.4 -9.6 18.149
0.4 -6.8 15.352
5.6 -6 50.196
-7.2 3.2 53.503
-3.2 -4.4 -7.9562
6 8.4 11.671
7.2 1.7764e-015 37.344
1.7764e-015 7.2 18.109
1.2 3.2 7.9295
-0.4 8 22.261
3.2 -5.6 24.929
2.4 4 -4.6836
-6.8 -2.8 26.927
4.8 6 8.3045
4.8 -4.4 27.944
7.6 -2 47.942
1.6 -4.8 8.4024
3.6 -2 18.699
-9.6 -3.2 46.857
9.6 -2.8 86.906
5.2 -4.8 39.705
-1.2 7.2 32.193
3.2 -4.4 26.914
5.6 -1.6 27.818
7.6 0.4 44.932
6.8 4 22.54
-5.6 5.2 54.491
-4.4 9.2 68.285
-9.2 -0.4 63.975
-3.6 9.6 51.318
2.4 -7.2 34.033
-6 -8.4 12.814
-4.8 -0.8 4.8139
0.8 1.2 -4.4638
7.2 -0.4 39.609
8 -6.4 82.701
4.8 -1.6 17.352
-4.4 -8 7.5054
-9.2 4.4 93.249
-0.8 8.4 25.975
6.8 0.8 25.977
-2.8 5.2 26.983
-2.4 -2.4 2.7592
-6 -6.4 21.981
-9.2 -8.8 28.882
-2.8 -8.8 13.618
-1.2 1.6 6.4097
1.6 5.6 8.6323
-4 -2 -5.0754
-3.2 -7.2 6.1703
-1.2 6.4 7.9844
-6.8 2 50.812
3.6 8.4 14.055
8.8 -4.8 91.075
-8.8 -8.8 16.439
-9.2 4 84.173
-6 9.6 100.12
7.2 7.2 14.174
3.2 -9.2 45.577
-0.8 -7.2 -2.9586
-8 -5.2 24.201
-8.4 -4.4 35.651
-2 -7.6 0.11355
-2.4 4.4 16.346
10 -5.2 113.5
2 -2.4 11.866
8 -3.6 66.564
-9.2 -5.2 43.647
2 6.4 -2.6809
-7.6 3.6 70.335
-8.4 -2 41.743
1.2 -0.8 11.46
9.2 2.4 54.787
-3.6 1.7764e-015 6.1753
-8.4 0.8 50.369
8.8 3.2 45.073
-2.8 -2.4 2.9972
8.8 -6 103.99
-9.6 -4.8 49.996
2.8 -4.4 11.495
-6.8 -0.8 39.01
6 4 27.922
1.7764e-015 -2 -6.5405
0.4 6 11.139
-2.8 0.8 5.9134
-0.8 6.8 13.003
-5.6 -5.2 20.377
-2.4 3.6 10.105
-8.8 0.4 65.485
-6.8 9.6 113.1
10 -1.6 94.114
-9.6 9.6 150.61
8.8 8.4 37.181
-3.2 -6.4 0.84711
-5.2 -8 12.098
3.2 -3.6 20.063
-0.8 -9.6 17.462
10 -0.4 80.036
-6.8 8.8 104.56
0.4 -8.8 28.51
-8.4 1.7764e-015 53.307
-5.6 -4 0.98398
-4.8 6 55.801
-3.6 3.6 30.37
-8.4 -4 40.485
2 3.6 6.3892
8.4 -5.6 93.457
8.4 -2 69.375
-5.2 -5.6 7.4548
3.6 -6.8 36.955
-3.6 1.6 18.824
0.4 3.6 -1.1772
2.4 -0.8 -4.7002
-6 -6.8 12.876
0.4 1.7764e-015 4.8734
-8.4 6.4 102.58
-9.2 7.2 141.25
8.4 -4 80.457
-4.4 8 53.949
-7.2 2 51.214
6 -0.4 30.905
6 1.6 22.874
1.6 -9.2 40.153
-2 4 19.117
2.4 0.4 -0.24215
-1.6 -1.6 -1.056
1.2 -6.8 8.6395
-9.2 1.7764e-015 76.124
-3.6 -6.8 0.79628
-4 10 71.949
-2.4 8 30.138
3.6 -8.4 45.33
-6 7.2 76.24
-4 -8.4 15.971
-4.4 2.8 32.48
5.2 8.8 11.116
2.8 8.4 20.342
-8.8 -2.8 39.314
3.6 -1.6 5.3274
7.6 9.6 21.035
-9.6 -2.4 62.791
-5.2 4.4 43.351
10 6 53.461
-2 -6 6.3156
-7.6 10 122.48
8.8 8.8 30.473
2 3.2 4.4557
-8.4 -3.6 39.067
-2.4 -1.2 -9.0001
-7.6 8.4 126.65
-1.6 -8.8 5.1179
-4 1.6 8.9597
9.6 3.2 52.241
8.8 -0.4 62.537
3.2 -6.8 37.312
6 8.8 14.529
3.6 -4 32.341
9.6 -1.2 91.569
1.2 6 7.1938
-9.6 -2 59.218
2 -1.6 4.6339
-7.2 -0.8 37.926
4 1.6 2.6589
-2.8 -1.6 -0.92695
6 -3.2 40.6
-7.6 6 94.67
7.2 -9.2 106.25
9.6 -8.4 139.46
-3.6 5.2 35.363
-8.4 -8.8 9.5648
-5.6 2 35.125
7.2 -6 71.786
-7.2 -9.6 18.254
3.6 -5.6 30.416
-8.8 2.4 68.995
6.4 10 20.432
-4.4 -6 5.6085
-2.4 -7.2 6.2898
-4 5.6 25.381
8 -0.8 60.822
-9.6 -3.6 60.488
8 2 34.038
1.2 7.6 16.408
-6.4 -9.2 11.014
7.2 0.8 33.668
-7.2 2.8 55.748
8 5.6 34.611
-2.4 4.8 18.041
-7.2 -7.2 22.325
-8.8 2 64.855
-6 0.8 29.578
-2 0.4 5.3782
-8.4 -6 25.938
-4.8 4.4 33.348
-6 3.6 51.987
-6 -5.6 3.6433
8 -7.2 92.917
-5.6 -2.4 10.718
-2 8.8 40.128
9.2 1.6 52.375
-9.6 2.8 93.322
-7.2 3.6 56.145
9.2 -9.2 151.28
-3.2 4 12.749
10 -2.4 98.113
9.2 -1.2 73.107
-8.4 -4.8 20.473
6.4 6.8 15.667
-8 -6.4 17.398
8 9.2 18.723
-0.8 -7.6 0.90061
0.8 3.6 4.023
1.2 10 40.685
1.6 1.6 9.1094
-8 -8.4 22.984
8 7.2 26.986
6.8 -5.2 58.648
6 -8.8 83.773
-5.2 1.7764e-015 20.557
6.8 6 14.42
7.2 2.8 35.694
-9.6 6.4 131.04
3.6 9.6 10.008
-2 -5.6 4.2821
-9.2 6.4 117.85
1.6 4.8 -2.487
7.6 4.8 17.292
9.2 4.8 48.207
-9.2 -6.4 41.909
8 -8.4 108.93
-1.2 -9.2 4.6369
1.7764e-015 2 -6.9109
6.4 4.8 17.141
9.6 8.4 34.999
-1.6 -8 13.533
0.8 6.8 12.021
-3.2 7.6 51.845
6.8 -9.2 89.517
-2.8 2.8 22.067
-5.2 -6.8 1.5172
8.4 -2.8 68.333
-1.6 -4.4 2.6649
-2 3.6 22.512
2 -4.4 17.321
-5.2 -7.6 0.37859
-2.4 -4.8 1.987
-4 4.4 32.187
-6 6.4 75.6
-9.6 -9.6 34.379
-4 -6.4 1.1235
1.6 -1.6 -4.0705
1.6 4.4 4.9802
7.6 -6.8 91.419
3.6 -6 22.799
5.2 2.8 25.855
2.4 5.2 2.2856
-4 5.2 34.789
6 6 19.97
-6 -1.2 23.694
-2.4 -6.4 0.60816
-2 0.8 7.0577
0.4 2.8 6.3065
-7.6 -4.4 25.171
-4.8 0.8 33.886
8 -2.8 64.522
-9.6 3.2 99.219
6.4 8.8 10.684
-9.6 6 117.17
1.2 -9.6 24.697
-8.8 1.6 72.241
3.6 -8.8 60.62
10 4.8 46.743
2 -5.6 11.404
-7.2 8.8 100.44
10 9.6 25.47
7.2 3.6 29.523
6.4 -7.2 78.638
3.2 -0.8 3.262
1.2 -3.6 6.6885
7.2 -7.2 87.126
3.2 6.4 16.53
4.4 -2.4 24.053
-4.8 8.4 60.758
1.7764e-015 6.4 9.4343
-8.8 7.2 123.19
2.8 10 13.774
-6 7.6 79.819
-8.4 6.8 112.5
-4 -1.6 11.538
-0.4 -8.4 9.4837
-4.4 -6.8 5.1819
4.8 -3.6 35.704
3.6 0.4 12.669
-3.2 8 38.835
3.2 0.8 8.8319
9.6 -3.6 91.075
-9.6 -8 43.121
1.7764e-015 -8 16.485
2 0.8 7.0247
-8.8 -1.6 55.338
3.2 -9.6 50.55
10 2.8 64.016
-0.8 0.4 -2.0454
-2.4 9.2 41.901
7.6 10 20.318
-9.6 -6.8 36.848
0.4 -2 -0.54876
7.6 5.2 26.334
6.8 -9.6 95.629
-4.4 -2.8 6.7658
9.6 -9.2 150.92
5.2 -6.8 53.086
-5.6 -3.6 6.0569
-1.6 -3.2 13.33
1.2 -9.2 21.503
-5.2 2.8 31.944
8.8 6.8 41.307
-3.2 4.8 28.878
-5.2 -4 10.492
10 -2 86.491
-2 5.2 16.394
0.4 9.2 14.554
-9.2 8.4 132.71
-1.6 -6.4 2.0654
-8 4 71.214
-6.8 2.8 57.728
-5.6 9.2 95.297
-8.8 -4.8 42.494
-2.8 -8.4 14.41
-8.4 -9.6 16.374
4.4 5.2 8.6906
7.6 -2.4 54.223
7.2 -6.4 75.798
-0.4 5.2 23.722
7.6 2 33.848
1.6 -8.4 31.565
-5.2 8 64.446
4.4 4 5.8846
1.7764e-015 -0.8 1.4724
-4.4 -0.4 5.517
-5.2 1.2 31.146
1.7764e-015 -6 10.101
-6.4 -4.4 21.797
6.8 -3.2 48.996
2.4 10 24.075
5.2 0.4 6.8995
6.8 5.2 25.532
-1.2 -1.2 3.1188
9.2 -8.8 147.07
2.4 -6.4 20.267
2.8 4.4 3.9839
8.8 2.8 40.882
1.7764e-015 -1.2 -3.2382
3.2 -8.8 41.978
-4.4 -8.4 9.4848
0.8 -6 16.316
-8 -3.2 37.738
-7.2 -4 33.272
-0.8 10 42.544
-6 -1.6 26.13
-8.4 1.2 53.16
8.8 5.6 37.004
8 -6.8 95.397
0.8 1.6 6.8967
-9.2 5.2 107.01
-0.8 -0.8 4.5393
-6 -7.2 11.626
0.8 -9.2 26.417
10 -8.4 151.95
8 -2.4 67.096
-4 -5.2 -1.5001
3.2 -4 7.1656
-7.6 -5.6 26.31
-0.8 8.8 26.104
4.4 -9.2 65.475
6.4 -6.4 64.46
9.2 -6.8 119.49
-7.2 -8 22.842
-3.6 9.2 57.599
-6.8 6.4 72.205
5.2 1.2 1.492
6 7.6 15.53
-5.2 6.4 56.29
-1.2 -0.8 2.4628
-9.6 0.8 80.093
7.6 2.4 25.542
-0.4 -0.4 0.15256
8.8 -8 117.58
-0.8 9.6 29.493
5.2 8.4 16.561
-2.8 -5.2 -1.0905
8.4 -9.6 137.6
8.4 3.6 34.664
4 2.8 9.3098
0.4 2 0.78998
-4.4 8.4 67.535
-3.2 6.8 50.094
0.8 8 17.359
2 -4.8 6.406
-5.6 -8.4 2.798
-2 6.4 31.707
-5.6 8.4 81.402
8.4 10 20.206
10 -4.8 111.82
4.8 -5.2 38.274
-0.8 -1.6 4.1539
5.2 -4.4 40.845
-6 0.4 29.289
2.8 -6.8 33.995
3.6 0.8 16.05
1.7764e-015 0.8 -8.8488
-6.8 0.8 30.682
9.2 4 44.57
0.4 -9.6 27.013
-9.6 -4 43.567
7.6 1.7764e-015 55.005
-9.6 -1.6 66.695
-5.2 5.6 64.705
1.2 -2.4 -3.476
4.4 -0.4 11.859
-6 -2.4 17.757
1.6 3.2 -3.4071
-0.4 -3.6 -6.5956
2 -3.6 6.6634
1.6 -0.8 -4.8188
-6 3.2 39.634
-2.4 1.2 7.1283
10 1.2 61.659
-6 -4.8 6.7934
1.6 7.2 2.1142
7.6 -4.4 59.371
-0.4 6.4 14.971
-2.8 2.4 15.272
5.6 2.4 9.9255
1.2 -8.8 13.61
6.8 -4 52.557
4.8 9.6 19.352
4.8 -7.2 54.788
-1.2 -9.6 24.061
10 6.4 57.015
6.4 4 20.879
-4 -5.6 1.7188
-4.4 7.6 59.842
0.4 -7.6 10.377
-8 4.4 73.53
3.6 -1.2 16.696
-2.4 -8.8 8.8053
6.8 8.4 18.884
5.6 -3.6 35.065
-9.2 -7.2 38.546
2 2.4 5.9787
8 5.2 31.585
-2 7.2 28.396
6 2 13.943
8.4 -8.4 118.98
-5.6 1.2 34.795
-6.8 -8.4 8.847
-8.4 -1.6 42.133
-6.4 0.4 44.221
-8.8 -0.4 59.453
-1.6 -1.2 -2.1299
-4 1.7764e-015 3.7858
-4 8 47.706
7.6 -2.8 55.333
6 -6.4 66.947
0.8 6 5.1855
-8.4 -2.8 46.524
1.2 -7.6 19.899
-8.8 -5.6 34.925
-3.2 -7.6 8.6652
6.4 -5.6 66.19
-0.8 1.2 6.402
-8.8 4.8 94.196
3.2 -2.8 16.689
4.4 7.2 8.6534
-5.6 7.6 83.5
1.6 7.6 19.006
-9.6 7.6 142.36
-1.2 1.7764e-015 8.3263
8.8 0.8 60.124
-2.4 6.8 30.377
0.8 4.8 2.9292
-1.6 3.6 6.6482
1.7764e-015 -7.2 9.7155
0.4 -3.2 -0.31345
-2.4 7.2 27.817
-8.8 -7.2 29.451
-7.2 7.2 93.873
9.2 10 34.874
4 9.2 7.8299
-9.2 9.6 152.3
1.6 -3.6 17.526
-5.6 4.8 48.842
4 2 11.387
-1.6 -4.8 18.765
-9.6 1.7764e-015 64.831
8.4 -6.4 100.24
4.8 -9.2 67.03
-7.2 -1.6 49.446
4.4 -8 57.51
1.6 3.6 3.9155
4 2.4 6.4184
-8.4 -0.4 38.532
-3.2 3.6 10.153
-7.6 6.8 98.134
-1.6 7.2 23.812
1.2 1.7764e-015 3.9716
5.6 3.2 4.2556
4 0.4 10.246
-0.8 -3.6 1.8574
-4.8 -7.2 9.0893
-0.4 -3.2 -1.0651
-8 -2 38.937
2.4 -6.8 29.543
5.6 9.6 11.471
10 7.6 47.641
5.6 -7.2 61.765
-6.8 -2.4 32.543
3.2 4.8 3.0408
1.6 -4.4 10.417
0.4 8.4 16.977
2.8 -0.4 3.9616
-7.6 -0.4 36.481
10 -7.6 141.57
0.8 2.4 2.0888
6.8 4.4 24.994
3.6 3.6 12.248
-6.8 7.2 96.28
2.4 -4.8 7.613
5.6 -5.2 48.578
-8 0.4 53.003
7.2 9.2 24.31
-8.4 2.8 75.407
4.4 3.6 4.5783
-2.8 8.8 44.702
-6.4 -6 18.394
-5.6 -7.6 13.899
4.8 -0.8 20.054
-8.4 9.2 137.43
-6 -7.6 18.634
4 5.6 8.8842
-6.4 9.6 100.91
7.2 -8.8 101.42
4.8 10 13.986
9.2 -0.4 63.719
6 -6 55.14
-0.8 4 24.723
1.6 -7.2 23.508
-8 7.6 107.38
-8.4 3.2 70.935
1.7764e-015 -4.8 1.9662
-2 2 2.971
-7.6 -2.8 30.021
2 -0.8 -2.892
-6.4 -6.8 10.538
-5.2 1.6 29.779
-8 -6 26.782
4 9.6 22.873
7.6 3.6 31.035
-0.4 2.8 4.2136
2.8 -5.2 14.739
-6 1.2 45.716
-7.2 1.7764e-015 33.658
-0.8 -4 -0.16992
9.6 -4.4 106.68
8 -2 52.545
-0.8 1.7764e-015 -12.836
5.2 6.8 11.535
7.6 8.8 33.258
6.4 -6.8 65.831
-2.8 1.2 5.465
-4.4 3.2 37.957
-6.8 -7.2 9.9112
4 0.8 3.3968
5.6 -1.2 16.858
-3.6 7.6 56.86
5.6 0.8 20.541
0.4 -2.8 7.5833
-6.8 8 93.555
-4.4 -2 5.1884
4.4 -6 37.059
-4.8 -1.2 10.546
-9.6 2.4 92.152
2.4 -3.6 10.022
8 8 26.84
3.2 4.4 -6.8619
-8.8 10 147.4
2.4 8.8 9.0701
-9.6 -7.6 39.143
-5.2 -6 2.8211
-1.2 -6.8 4.1155
8.4 -3.2 65.159
-2.4 -0.4 2.8395
-8 -2.4 25.997
10 -9.6 159.54
7.6 7.6 22.07
-6.4 9.2 101.33
-4.8 10 79.346
3.2 10 25.992
2.4 2 -1.6615
-4.8 1.2 28.032
8.4 1.2 41.423
0.8 -2.8 15.82
-8.8 1.2 69.332
8.8 -4.4 92.877
8 8.8 32.582
0.4 7.6 25.559
4.8 -6 39.993
3.2 1.2 4.1722
-0.4 -6 -6.6403
7.2 6.8 29.677
2.8 -4 2.5698
7.2 -3.2 57.223
-8.8 8.4 136.3
5.6 -7.6 71.949
-6.8 -4 26.992
6.8 7.2 5.3134
7.6 -0.8 56.547
-1.6 2.8 11.88
2.4 -9.6 50.635
-9.6 6.8 117.66
6.8 -6.4 68.877
-4 3.6 32.474
-8 -3.6 44.142
6 5.2 6.2738
4.8 -8.8 63.874
7.6 -7.6 89.372
6.8 1.2 30.791
4.4 -4.4 35.261
4.4 -8.8 56.598
8.8 7.2 37.516
-8.8 0.8 71.869
-2 9.2 34.111
1.2 -3.2 -5.7909
7.6 7.2 26.152
2.8 -4.8 14.475
9.2 5.6 48.348
8.8 4 40.617
0.4 1.2 -1.3559
-8.4 -5.6 27.887
-9.2 3.6 88.525
-9.6 2 86.999
-0.4 -5.6 5.1988
-2.4 1.7764e-015 3.6012
7.2 1.6 23.559
4 -4 22.031
-8.8 -8.4 28.108
8 -8.8 107.3
7.6 -1.6 47.457
-9.2 -4.8 32.555
6.8 -1.2 31.474
7.2 6.4 25.256
3.2 -2 7.7654
-3.6 -9.6 6.0197
6.4 -4.4 60.97
-1.6 -5.6 11.453
-6.8 -4.4 6.5186
-3.6 -9.2 8.1591
1.7764e-015 1.2 4.0849
2 -8 26.818
-5.2 -3.2 12.276
4.4 -0.8 25.708
-5.2 -0.8 17.697
-0.4 -2.4 9.1973
-9.2 6 117.52
-5.6 10 94.195
-8 5.6 95.175
-8 5.2 96.772
0.8 4.4 -0.12035
6 -0.8 27.542
-1.2 5.2 17.672
-2 -8 9.6692
2 -7.6 34.284
-6.4 1.6 35.795
-1.6 -7.2 6.56
-8.4 -0.8 55.431
10 7.2 51.068
1.2 0.8 -9.3233
-1.2 3.6 9.6571
-5.2 -2.8 9.9667
9.2 0.8 60.099
-4.8 -0.4 11.783
-7.6 -8.4 19.874
-5.6 6 56.754
-1.6 -9.6 6.5903
-6.4 4 48.74
-8.8 9.2 131.09
-2 -2.8 0.49824
-4 0.4 19.536
-2.4 8.4 35.661
-2.4 -5.6 5.4578
5.2 1.6 11.669
-2.4 -4.4 12.266
-1.2 8.8 33.951
7.6 -6 78.827
2.4 8.4 21.884
-9.6 8 138.83
6.8 -6 76.05
-3.2 -6.8 6.0837
-8.8 -7.6 36.625
2.8 3.6 12.948
4.4 -6.4 30.904
-6.8 -6 21.635
3.6 -4.8 34.72
-2.8 9.6 43.682
8.8 -0.8 51.655
-3.6 -8.4 8.5585
-3.6 6.4 29.868
0.8 4 2.6389
4 8.4 20.678
8.8 -7.6 113.34
-9.2 0.4 71.691
8 2.8 24.396
1.7764e-015 -8.8 4.0347
0.8 7.2 27.289
2.8 0.8 2.9874
8.4 -9.2 132.59
-7.2 4.8 62.543
-3.2 -4 8.3812
-7.2 5.2 66.67
-6.8 1.6 48.773
4 -6.8 27.483
9.6 -5.2 106.15
5.2 3.6 8.8452
-9.6 7.2 144.72
2.8 6 2.4606
1.7764e-015 7.6 20.957
2.4 9.6 9.8344
-4.4 -9.2 11.846
-2.8 -9.6 17.687
-0.8 7.2 14.695
4.8 3.2 7.0329
8.4 3.2 36.911
6.8 2.4 33.874
7.2 5.6 18.115
1.2 4.8 3.8226
6 7.2 5.091
-7.2 -4.8 14.527
4.8 5.6 9.8293
-1.6 8.8 31.778
0.8 -4.4 1.9476
5.6 6.4 -5.2539
-4.8 -7.6 15.338
4 4.4 7.812
4.8 9.2 7.1106
8 -5.6 87.755
5.6 0.4 25.241
4 7.2 13.779
5.6 -4.8 38.604
-0.4 -0.8 7.0085
-9.6 5.2 109.94
-4 6.8 46.034
-9.6 -7.2 37.105
-8 -2.8 35.915
1.2 5.6 13.426
1.6 9.2 8.6223
-2 10 47.29
5.2 -1.6 30.519
1.6 -0.4 -17.375
-9.2 10 159.27
-3.6 -0.4 22.823
3.2 -1.2 17.133
0.4 -4 14.993
1.2 4 6.1366
1.6 -6.4 16.793
2 -6.4 20.099
-2.8 6.4 31.538
4.8 7.2 6.9906
-0.4 1.7764e-015 0.20678
-8 -8.8 12.482
0.4 -7.2 15.052
8.8 -1.2 71.721
-6.4 4.4 53.984
0.8 1.7764e-015 8.4818
-4 4 38.909
4 -9.2 63.465
0.8 9.6 21.65
-5.6 4 44.154
0.8 -1.6 5.1508
-2 2.4 7.9978
-6 -8 4.9889
6.4 -3.6 50.906
9.2 -6 108.75
6.4 -6 57.544
6.8 2 32.793
4.8 -8 58.668
-4.4 -4 -1.7277
3.6 9.2 22.409
-6.8 -3.2 11.289
6.8 8.8 15.48
5.2 -5.6 52.832
5.6 8.4 11.515
-9.6 1.6 84.38
-0.8 -6 -1.3277
8.4 1.7764e-015 53.345
6.4 6.4 17.16
-8.4 8 122.83
-5.2 6 56.675
6.4 5.6 15.133
4.8 -9.6 60.064
-6.4 6.8 76.011
-8.4 5.2 96.517
8 -9.6 123.6
-9.2 -2.4 46.671
4.4 1.6 5.9959
-5.2 8.8 97.868
-5.2 -0.4 28.058
-5.2 2 32.627
-5.6 -8 4.439
-6.4 -2.8 26.86
8 1.2 29.476
3.2 5.6 7.1087
0.4 -8.4 17.328
-1.2 -5.2 6.0184
4.4 4.4 11.627
-5.2 4.8 37.606
7.6 -5.6 81.489
-0.4 -9.2 21.681
1.7764e-015 -2.8 -12.011
-3.6 -7.6 10.886
6.4 4.4 15.696
10 1.7764e-015 72.671
-4.8 3.6 41.462
7.6 -8.4 107.71
-4.8 0.4 18.886
4 -5.6 42.464
6 -6.8 65.069
-1.6 9.6 34.695
6.4 9.2 23.513
2.4 9.2 31.72
0.8 -2.4 -0.042924
-4.4 1.6 11.293
4.4 1.7764e-015 13.69
4 4 1.5899
3.2 -0.4 6.7586
-4 -3.2 10.447
1.6 -4 12.18
0.8 -0.8 7.939
-8.4 -6.4 13.491
5.6 6.8 9.2636
8 1.6 46.595
1.2 -5.6 6.4163
6.4 1.7764e-015 22.563
-8 1.2 54.933
0.8 -5.6 10.078
9.6 5.6 48.364
-9.6 9.2 159.84
6.8 3.6 15.4
1.2 4.4 3.4385
-9.6 -4.4 50.464
-9.2 -4 46.923
8 -4 72.229
8 3.6 43.263
-1.6 7.6 33.727
6 9.6 19.898
9.2 7.6 41.44
-9.2 -4.4 43.103
-7.2 -3.6 28.353
4.4 -9.6 72.524
3.2 9.2 11.445
-4 7.2 49.623
-4.4 0.8 21.466
5.2 -5.2 45.052
4.4 6.8 10.568
-4 -3.6 7.5665
-9.2 5.6 113.85
5.6 9.2 9.5436
8.8 9.6 22.21
-7.6 -9.2 16.284
-1.6 -7.6 16.303
8.4 4 44.529
5.2 6 21.619
6 2.4 28.69
1.7764e-015 -6.4 14.124
2 6.8 0.12123
8.4 0.4 54.762
-6 -2 10.825
-4 -4.4 1.3228
10 8.4 41.739
-4.4 -6.4 7.2025
1.7764e-015 6.8 26.89
-5.2 -5.2 7.4676
1.6 -3.2 2.5429
0.8 -7.2 12.214
-4 -8 0.17585
1.2 -0.4 -2.1627
-8 -4.8 33.413
8.4 0.8 51.066
-6.4 8.4 90.963
4.4 5.6 8.0834
-7.6 4.4 73.089
-7.6 -4 21.537
5.6 4.8 14.699
7.6 -3.2 65.742
1.7764e-015 -1.6 -2.0284
-2.4 -7.6 7.1488
-6 8.4 82.737
-3.6 -0.8 -0.46681
-6.4 -2 21.029
-3.2 -8 10.373
-6.8 0.4 36.097
-5.2 2.4 34.385
2 -6 38.004
0.8 0.8 -0.82842
-2 5.6 22.068
8.8 -3.2 78.744
5.6 -5.6 52.975
-0.4 -4.4 0.52701
6.4 2.4 10.882
-4.4 6 49.471
3.6 4.8 -12.322
-0.8 4.8 7.2724
-7.6 5.2 79.619
-1.2 4.8 8.6113
0.8 8.4 16.365
-7.2 9.6 121.94
-5.2 -6.4 0.14642
2.4 -8 27.831
-6.8 -4.8 21.184
-6.8 3.6 52.392
2.4 1.6 6.9771
6.8 -2.4 41.482
9.2 4.4 38.977
10 0.8 72.557
-3.6 2.4 11.753
-6.4 3.2 49.986
5.2 7.6 19.305
-0.4 0.8 -1.6331
-0.8 -4.4 -1.1919
-7.6 6.4 86.347
-5.2 -4.8 4.8668
4.4 9.2 12.073
5.6 -2 37.28
8 0.4 45.005
-5.6 -4.4 13.087
-3.2 1.7764e-015 4.0259
-3.2 -2 -0.25907
-6.4 7.2 80.039
-2 -6.4 4.6541
3.2 4 10.181
2.8 7.2 18.636
-8.8 -6.4 28.611
-2 8 46.618
4.4 -3.6 26.592
-4 -6.8 11.994
-3.6 5.6 21.095
-5.6 0.4 19.769
4.8 7.6 11.311
6 -8.4 74.353
2 -9.6 35.37
2 9.2 20.026
-2 -1.6 0.57997
-6.8 -8.8 18.962
9.6 -5.6 104.76
1.7764e-015 3.2 0.3338
2 8 13.917
-3.6 0.4 4.7839
2.8 5.6 4.9295
8.4 5.2 31.607
0.4 9.6 33.958
-9.6 -0.8 70.007
5.2 4.8 7.7922
0.4 -0.8 3.8607
-6.4 -0.4 20.798
-8.4 -7.6 27.897
9.6 2.4 50.572
-5.6 3.6 37.402
2.4 6 2.1941
5.6 -9.6 85.42
-5.2 -1.6 20.869
6.8 9.6 19.408
-5.2 3.6 40.158
9.6 4.4 46.903
4.4 0.8 10.505
-6.4 2.8 48.011
1.6 6.4 14.155
-9.2 3.2 87.72
9.6 4 56.121
7.2 -1.6 44.982
-2.4 9.6 49.387
4.8 8 10.176
5.6 2.8 14.993
9.2 3.2 52.016
-1.6 4.4 16.456
-0.8 -8.4 11.216
-5.6 -9.2 3.7344
-3.6 6 36.365
7.6 3.2 25.778
-6 -4.4 15.903
8.4 -7.2 99.108
3.6 -3.2 23.363
-9.2 8.8 141.2
-9.2 -3.6 39.829
-4.8 -6 -2.1868
-1.6 5.2 10.417
-7.2 1.6 54.011
-8.8 7.6 121.85
6.4 8.4 20.532
2 -5.2 20.458
-9.2 9.2 153.03
-7.6 -6.8 24.489
5.6 -8 68.877
9.6 1.2 53.754
-6.8 4 65.576
7.2 -5.6 67.009
-3.2 8.8 46.321
4 -0.8 19.182
-1.2 -8.4 10.399
3.2 -6.4 37.116
1.7764e-015 5.6 22.154
6.4 -4.8 60.511
7.6 -9.2 105.04
1.2 -4.8 5.8211
6 6.4 18.092
1.7764e-015 9.2 33.781
-1.6 4 17.937
-0.4 10 32.478
-6.4 -5.2 10.07
2.8 2.8 11.005
-9.2 -0.8 64.738
-2.8 -7.6 -3.6355
9.2 -2 67.882
-1.2 -2.4 6.3094
3.2 6 14.683
-2.4 -6.8 6.8745
4.8 -3.2 31.966
-3.2 -1.2 -1.5267
-2.8 5.6 30.029
-9.2 -5.6 38.3
-2.8 -7.2 -9.0586
2.8 1.2 1.4318
-8.8 5.2 99.24
-7.6 0.8 54.354
-5.6 2.8 42.835
3.6 2.8 9.2369
6.4 -2.4 53.036
0.8 3.2 4.9107
2 0.4 1.3873
-1.2 -4.8 4.4108
10 -0.8 75.121
2 9.6 16.261
8.8 6 40.195
4.4 2.4 7.7018
-8 -4.4 27.202
5.2 2.4 19.323
6 -9.2 83.523
8.8 -8.4 125.87
-9.6 -5.2 42.548
6 -1.6 40.183
8 3.2 42.488
-6 8.8 74.876
-0.8 7.6 27.607
-0.4 9.2 26.31
9.2 -4 90.945
-2 9.6 49.456
9.6 -0.8 71.033
2.8 -6 24.175
-5.6 -2 14.362
-6 10 105.05
-6.4 -4.8 8.7939
-2.8 3.2 8.9741
-7.6 2.8 66.179
-3.6 2.8 16.605
9.6 7.6 43.572
1.2 -5.2 0.81127
7.6 2.8 22.978
2.8 -3.2 -0.89755
6.8 -8 87.762
6 -5.6 58.344
4.4 -4 40.389
-9.2 2 90.222
2.8 -6.4 25.582
-0.4 8.4 20.738
-7.6 9.6 127.59
-2.8 10 64.67
0.4 3.2 1.4756
-4.8 5.2 40.269
6.8 7.6 24.493
-3.2 6 22.787
-4.8 -6.4 10.295
-3.6 -6 0.82098
1.6 0.8 2.9075
0.8 -7.6 22.402
-8 6 92.262
3.6 -2.4 23.247
4.4 -8.4 63.824
6.4 -0.8 29.736
2 4.8 1.9958
-4.8 -5.6 3.041
-8.8 -9.6 25.637
-6.4 2.4 45.376
-1.2 1.2 1.1444
-2 8.4 31.2
5.2 -9.2 77.055
-4.4 4 34.018
-6.8 -0.4 17.863
0.4 -8 8.045
0.4 4.4 9.9169
-9.6 -8.8 28.542
-2 -0.8 -0.17254
8.4 7.6 25.743
-8.8 4.4 99.018
-7.6 -7.2 20.5
6.8 9.2 20.318
-8 9.6 124.74
5.2 5.6 9.4777
-1.6 8 33.285
2.4 5.6 10.281
-7.2 -5.6 18.365
-0.4 -4.8 0.88524
1.6 -5.2 21.174
4 -1.6 20.124
-8.4 8.8 123.44
0.4 5.2 8.0765
-4.8 -8.4 17.284
8 4.8 21.532
3.2 -8 37.35
-7.6 0.4 45.597
-0.8 5.6 21.071
-2.8 9.2 58.178
-3.6 10 71.231
4.8 -2 33.933
-3.6 -5.2 9.1109
0.8 8.8 15.095
6 -7.6 80.483
-8.4 7.2 116.32
6 1.2 20.121
2.4 -8.4 33.44
-7.2 7.6 78.023
6 -4.4 45.609
5.6 -4.4 37.334
-8 -9.2 23.652
8 9.6 32.586
-8.8 5.6 109.4
-9.6 8.8 147.18
3.2 8 9.9015
9.2 8.8 28.729
8.8 1.6 54.612
4.4 3.2 14.367
-5.6 4.4 41.478
-3.6 4.8 41.184
-5.2 -2.4 9.2616
5.6 -3.2 40.085
-8.4 -8.4 26.04
2.8 -9.2 42.504
-2.8 4.8 14.452
7.2 0.4 25.652
-0.4 -2 4.4669
-6.4 2 38.117
1.6 -6.8 21.527
8 -4.4 73.843
4.8 -2.8 27.917
8.8 5.2 44.379
-1.2 -4 8.3227
-0.4 2.4 7.2352
7.2 -0.8 51.428
1.6 0.4 0.27906
0.8 10 33.223
3.2 -8.4 30.744
2.8 3.2 -0.89172
2.4 6.4 -1.1797
-8.4 2 61.964
-4.8 -1.6 14.378
10 0.4 67.407
-1.2 8 41.193
2 7.6 16.54
6.8 -7.2 78.072
-5.6 3.2 46.958
9.2 -3.6 89.286
-3.2 -2.4 -0.47766
8.4 -4.4 92.247
1.7764e-015 -5.2 1.4373
-1.2 10 41.615
4 -6 35.193
-1.2 -5.6 0.70588
-2.8 -3.2 -6.3303
4 7.6 6.5363
8.4 -8 109.02
8.4 9.6 29.441
10 -5.6 121.54
2.4 -1.2 2.78
-1.6 -6 7.5783
-3.2 5.6 29.444
-3.6 -8.8 6.4794
1.6 8.8 2.8135
5.6 8 23.824
6.4 8 14.238
-6.8 -9.6 4.5597
1.6 -8.8 23.461
-6 2.8 33.858
9.6 6.8 46.587
6.8 -3.6 54.451
-6.4 -7.2 16.365
-3.6 7.2 44.623
1.6 -5.6 1.522
-2 -3.6 0.73263
9.6 -0.4 74.062
-2.8 -6.8 -3.7899
-3.6 -1.2 4.8715
9.2 -7.6 121.54
8.8 -2.8 76.928
-1.6 10 39.029
-4.4 -0.8 17.636
-8 6.8 110.56
8.8 1.2 61.784
7.2 8.8 22.099
4.8 4.4 12.933
-2.8 -4 10.744
7.2 -2.4 42.437
7.6 -7.2 92.2
7.6 8.4 36.224
2.4 0.8 7.981
-0.4 -2.8 3.1807
-7.6 -1.6 34.925
4.8 6.8 5.7535
-5.6 1.6 24.282
0.4 2.4 11.079
6.4 -5.2 53.58
1.6 9.6 29.166
-1.2 8.4 30.559
9.6 8 44.102
-0.4 6 11.938
6 -1.2 31.715
-5.6 -6 -2.0923
8.8 2.4 44.618
-9.6 -1.2 74.469
9.2 -2.8 85.052
0.4 1.6 -4.3752
6.4 7.2 11.105
1.2 0.4 -2.7049
4.8 4 2.8872
1.2 5.2 -3.2691
4 10 12.241
-8 3.6 67.421
-2.8 -5.6 1.5017
-8.8 -9.2 26.058
9.2 -7.2 123.84
3.2 7.6 11.818
-3.2 -9.6 7.0726
6 -2 30.122
7.6 0.8 39.232
2 5.6 -2.3956
-3.2 -9.2 -4.73
-4 -1.2 12.696
2 -8.8 33.072
-6.4 -2.4 14.147
-8 -0.4 40.159
2.8 8.8 10.994
6.8 -4.8 50.864
-2.8 4 12.349
10 3.6 65.587
-6.4 7.6 81.686
3.2 -5.2 19.863
0.8 7.6 6.9429
2.8 7.6 8.1441
10 1.6 67.348
-2.4 -8 9.9439
8.4 -0.4 53.677
-1.6 -0.8 -3.6518
-6.4 4.8 49.725
-1.6 2 1.8061
-2.4 3.2 19.171
6 8 12.507
9.2 -0.8 72.438
-8.4 10 143.29
2.8 -5.6 31.196
-6 6.8 70.061
9.6 9.6 36.101
-8.4 -2.4 34.755
-6.4 6.4 68.879
7.2 -7.6 85.205
7.2 -6.8 83.511
-5.2 -9.6 13.116
-1.2 2.4 5.3722
-1.6 6.4 29.231
1.2 -6.4 22.022
-4.8 -2.8 5.8041
5.6 -9.2 75.481
4.4 6 5.4694
-7.6 3.2 66.651
-2 -0.4 2.9567
-6 4 53.385
-0.8 -2.4 -11.464
10 -9.2 165.39
-4.4 -4.4 10.111
9.6 7.2 46.129
-1.6 1.2 12.408
-6 -3.6 15.098
-1.2 -8 6.7384
5.2 -2 27.137
4.4 9.6 20.107
2.8 -8 38.798
8 -1.6 45.806
-6 -2.8 15.766
-4.8 4 45.262
-0.8 4.4 8.4713
-6.8 6 66.243
-7.6 4.8 90.761
-4 2.4 17.853
8.4 -6.8 114.01
-0.4 7.6 13.828
8.4 2.4 37.966
-6.8 7.6 94.825
9.6 -6 110.52
-0.4 4.8 3.2061
1.2 -8 27.325
-9.2 -8.4 39.801
6.8 -2.8 51.785
-5.6 -2.8 15.531
-6.8 5.2 54.821
2.4 1.7764e-015 3.4417
-4.8 -8 1.1879
2.8 -2.8 6.6982
4.8 2 12.303
-4.4 -2.4 15.344
-6.4 -9.6 11.834
9.6 3.6 41.892
9.2 7.2 36.102
0.8 -6.4 28.238
3.6 1.6 6.8466
2.8 -2.4 3.6415
-6.4 -8 16.951
-2.8 -2.8 14.954
8.4 7.2 29.702
5.6 -0.8 12.221
1.6 10 22.901
-0.8 -6.4 -3.1112
-6.8 -1.2 32.647
5.6 -2.4 35.369
-0.8 -9.2 18.637
1.6 4 1.9606
-4 7.6 50.527
-8 -8 27.362
7.6 8 28.944
8.4 9.2 32.223
2.4 -9.2 32.283
0.4 -5.6 2.2731
-7.6 -7.6 24.195
6.8 1.6 39.986
10 8.8 49.418
2 10 29.39
8.8 -6.8 106.71
8.4 8.8 27.405
9.6 -2 72.123
2.4 -5.6 14.891
-2.4 -9.2 5.6364
0.8 -8 21.222
-9.6 -0.4 67.582
-0.8 -0.4 -6.0841
-8.4 9.6 135.26
4 -2.4 12.028
3.6 8 7.6193
-9.2 2.8 77.535
2.8 -0.8 6.3194
8.8 -9.6 127.72
7.2 8.4 21.678
4.8 -7.6 62.863
9.2 -6.4 111.08
3.6 -8 50.353
-0.8 -2.8 5.0025
9.6 4.8 52.238
-8.8 -6.8 29.689
8.4 6.4 38.772
-4.8 1.7764e-015 12.259
-9.6 0.4 68.555
0.4 6.8 14.251
-8.8 -8 23.757
8.8 7.6 34.901
4.8 2.8 4.4573
4 -3.2 17.822
-1.2 -6.4 11.413
-7.2 -5.2 23.42
-8 2 59.178
2.4 -2.8 8.1463
8 -6 96.97
5.6 -8.8 77.152
2 -2.8 5.6017
5.2 -3.2 30.466
6.4 -1.6 32.746
-1.6 2.4 -0.37288
-7.6 -9.6 14.764
1.7764e-015 1.7764e-015 2.8935
10 -3.6 108.25
7.6 6.8 30.997
-4.4 0.4 20.077
-8.4 0.4 55.084
9.2 8.4 34.679
3.6 3.2 10.612
-6.8 -2 27.61
7.6 -4.8 78.294
-0.8 -5.6 6.3631
9.2 -9.6 141.79
1.7764e-015 2.8 0.50293
-4 -0.4 6.9688
-7.6 8 98.777
4 5.2 16.487
1.7764e-015 -3.6 1.3269
9.2 8 46.785
9.6 -7.6 129.93
2 -1.2 7.9371
-6 5.6 58.425
4.4 8.8 24.529
-0.8 8 18.123
-3.2 8.4 67.382
5.2 -8 63.468
-4.8 5.6 35.935
2.8 4 7.0287
-6.4 10 112.17
-8.4 3.6 81.03
-4.8 -5.2 6.849
-6 4.4 46.474
2.4 -7.6 22.431
-7.2 -1.2 32.361
9.6 1.6 67.569
-0.8 1.6 11.31
-3.2 -8.8 12.953
-4 -4.8 0.54258
-1.2 -8.8 24.171
5.6 6 16.959
3.6 7.6 -7.4932
-8 -1.2 48.579
6.4 7.6 18.84
6 6.8 7.7876
6.8 -7.6 81.671
2.4 1.2 10.294
4.8 -1.2 32.903
4 -9.6 56.575
2.8 -7.6 37.247
-4 -2.4 2.4336
10 -2.8 95.887
-7.6 -0.8 40.409
5.2 -0.8 28.267
-2 -4.4 -3.0222
-7.2 -0.4 32.672
-3.6 8.4 61.39
6 0.4 33.349
5.2 0.8 17.556
-1.6 9.2 48.606
1.7764e-015 -2.4 -9.1317
1.2 2.4 -1.7946
-5.2 5.2 56.117
-9.6 5.6 120.52
-7.2 0.4 45.063
-1.6 4.8 11.861
-2 4.8 29.624
4 -8.8 54.22
-9.2 -1.6 55.769
-1.2 -4.4 2.2063
0.8 -9.6 22.199
-0.4 -8.8 17.545
-4 -2.8 11.747
2.4 2.4 2.9465
-2.8 -3.6 8.5498
-2 -9.2 4.0374
4 8.8 9.9468
1.7764e-015 -4 2.0853
8.4 6.8 27.84
1.7764e-015 5.2 8.2733
6 0.8 26.254
-6 2 39.77
2.4 -4 11.188
-8 -5.6 22.023
-2 -6.8 -1.2351
0.8 -5.2 16.143
-6.4 1.2 26.229
-9.2 0.8 71.114
0.8 -3.2 11.291
-3.6 -2.4 8.0981
-4 -8.8 4.3675
3.2 8.8 14.175
7.2 -9.6 114.8
-8.8 -4.4 40.913
-0.8 2 11.545
9.2 2.8 45.239
1.2 2 -12.21
-5.6 -3.2 29.554
0.4 -4.8 0.64146
-2 -1.2 10.13
0.4 5.6 10.742
4.4 -4.8 42.766
8.8 8 41.409
2.8 -1.6 12.51
2.4 6.8 3.9431
-0.8 5.2 2.3759
-2.8 4.4 20.65
-0.4 2 1.5171
5.2 -1.2 25.601
0.4 8 16.888
-8.4 7.6 113.68
8.8 -3.6 83.47
-4.4 5.6 37.399
5.2 9.2 14.773
-5.6 1.7764e-015 22.233
0.4 -1.2 -3.8067
-8.4 -8 17.728
-4.8 -4 5.5902
6.4 0.8 30.567
-1.6 -2.8 13.111
5.6 1.6 16.403
-0.4 -1.6 -2.1259
8.4 -2.4 67.403
-2 -4 5.3677
-2.4 -1.6 -4.083
-0.8 -6.8 -1.5426
1.6 6.8 -1.1233
5.2 8 19.433
-4 -0.8 2.9638
-8 8 124.23
-4 0.8 13.995
4.4 -6.8 44.687
-5.2 4 45.367
-7.2 -6 20.231
4.8 1.2 8.8626
6.4 -3.2 38.087
-2.8 -9.2 17.495
-4.4 3.6 35.528
7.6 6 19.291
-6 -0.4 28.316
4.8 -2.4 25.232
2 8.4 15.732
-3.6 4.4 28.818
3.6 10 8.4951
-4.8 8 72.42
8.8 -9.2 128.64
5.2 10 11.526
-5.2 9.2 77.651
-6 -3.2 18.017
1.7764e-015 -7.6 12.237
-7.6 -2.4 40.205
-7.2 8.4 104.74
-6 -9.2 4.8047
-7.2 -2 41.544
3.6 1.2 17.816
4.8 8.4 13.041
1.6 -6 10.296
-9.6 4.8 111.16
-7.2 6 83.225
-5.6 -5.6 -0.24236
8.8 2 55.797
6 -2.4 35.156
-9.2 6.8 127.61
2 -6.8 19.464
8 0.8 26.09
-5.2 0.8 23.767
-2 1.2 1.1129
7.6 -0.4 53.054
3.2 7.2 10.121
5.6 2 30.139
3.6 -3.6 21.52
-8 -0.8 37.67
-2.4 2 15.201
-5.2 -3.6 7.3348
4.4 -5.6 27.057
-1.6 5.6 16.67
-8.4 4 81.629
9.6 -2.4 77.816
1.7764e-015 0.4 -6.2357
-5.2 8.4 65.448
-6.8 1.7764e-015 29.71
5.2 4.4 5.4795
-0.4 -4 4.3038
-6.8 4.8 65.451
3.2 5.2 10.357
-2.8 -6.4 5.3183
7.2 -2.8 55.051
-4.8 3.2 37.628
-8 2.4 67.887
-4.8 -6.8 8.9605
6.4 -8.8 90.455
-7.2 -6.8 11.417
-4.4 -7.6 11.193
-0.8 -1.2 3.6994
9.6 6.4 34.704
-8.8 -3.6 34.66
4.4 10 28.182
8.4 8.4 27.127
8 6.8 30.247
9.2 1.7764e-015 52.839
5.6 10 -2.0243
-4 -9.6 10.301
-9.2 7.6 130.26
9.6 -7.2 135.6
3.2 9.6 17.252
-8 -6.8 23.297
10 -8.8 151.45
4 6.8 14.506
9.2 6 32.775
-4.8 -9.6 7.7472
0.4 4 4.833
-9.2 1.6 73.555
3.6 6.4 7.9286
1.6 5.2 -0.42846
-2.4 2.8 22.888
-4 -7.6 4.0896
-2.8 8.4 49.678
1.2 9.2 19.512
-8.4 8.4 124.56
10 5.6 48.502
-6.8 4.4 59.368
3.6 2.4 6.5611
-1.2 6 21.376
5.2 1.7764e-015 24.44
7.2 -8 97.571
2.8 9.2 12.168
1.2 -4 -0.33237
-4.8 7.2 63.887
9.2 6.4 42.117
-6.8 2.4 39.432
3.6 4.4 -5.4747
6 -4 43.333
4.4 2 5.6206
-4.4 6.8 56.095
-6.8 3.2 50.045
-3.6 6.8 34.872
-6.8 -9.2 11.412
-7.6 -8 20.45
-0.8 6.4 16.609
-4.8 -4.8 3.4509
1.2 8.4 16.567
-0.4 4.4 -1.7639
-6.8 -3.6 25.477
-1.2 3.2 4.5382
-8 1.7764e-015 53.782
-2.4 5.6 16.937
4.4 2.8 12.657
0.8 0.4 4.869
-8.4 -7.2 27.131
4.4 -1.2 17.475
8.4 -5.2 91.195
-7.6 -3.6 22.139
8.4 5.6 32.559
4.4 -2.8 23.046
-7.6 1.7764e-015 49.117
4 6 -3.7498
6.4 3.2 17.028
7.6 5.6 16.716
-8 8.8 132.96
10 -6.4 122.37
-1.6 -6.8 6.0699
-6 -8.8 11.525
8.8 -6.4 103.85
-8.8 8 123.61
-7.6 7.2 104.87
6.4 -9.2 104.43
-8.4 4.8 84.173
10 8 38.863
3.6 5.6 11.31
5.2 -6 54.852
-4.4 -3.2 17.607
6.8 -1.6 41.733
6.4 -8.4 93.471
-4.8 -4.4 -5.7601
-1.2 2.8 8.266
1.6 -2.4 5.8341
6.4 -2.8 46.366
2.8 -8.8 49.867
3.6 -7.6 30.472
2.8 4.8 1.1313
1.7764e-015 -9.2 28.996
8.8 -7.2 118.09
1.6 -1.2 -0.25051
-5.6 -9.6 15.983
-6.4 0.8 46.441
-8 8.4 125.45
-5.6 -6.4 11.609
1.2 3.6 7.8689
4.8 -8.4 60.577
-7.2 -7.6 12.764
-6.4 6 67.804
7.2 -8.4 96.924
2 -4 7.6099
-2.4 -0.8 7.967
0.8 2.8 0.050182
1.2 2.8 8.2131
7.2 7.6 26.748
9.2 6.8 38.786
-0.4 5.6 13.927
-2.4 -3.2 -5.66
8 1.7764e-015 44.881
3.2 -7.6 33.7
6.8 5.6 11.207
1.7764e-015 1.6 -4.9345
2.8 9.6 11.187
-6.8 -1.6 41.654
4 1.7764e-015 5.7002
-2.4 8.8 47.799
-3.2 4.4 24.645
9.6 -8 142.31
-4.8 6.8 63.061
2.4 4.8 -3.923
-6 1.6 35.098
-6 4.8 54.883
8 -1.2 40.159
7.6 -9.6 110.47
9.2 2 44.526
3.6 -6.4 30.762
