10 -7.2 131.03
0.8 -8.4 32.128
8 -5.2 76.588
-2 3.2 7.8654
4.8 3.6 21.94
-8.4 -5.2 23.295
5.2 -8.4 68.006
-0.4 3.6 12.761
-1.2 5.6 18.395
5.2 -3.6 31.983
3.6 -0.8 20.181
7.2 5.2 36.598
-7.2 6.8 102.32
-2 -2.4 -4.8044
-2.8 0.4 2.8646
3.2 -7.2 38.007
-0.4 0.4 -12.926
6.4 2.8 12.873
2.4 7.6 11.993
-2 -5.2 2.6403
-8.8 -2.4 47.673
-4.8 2.4 29.321
-7.6 1.6 61.937
-4.4 -3.6 4.8842
7.6 4 28.506
-8 10 150.34
1.7764e-015 4.8 16.959
-3.2 -6 13.449
-1.2 -3.6 2.4987
8.8 4.4 29.436
6.8 -0.8 21.204
1.7764e-015 8.8 22.261
4 -8.4 51.929
-5.6 -4.8 15.153
-7.2 4.4 70.861
-3.6 -3.2 0.10308
-0.4 -1.2 5.3159
-2 6 25.322
6.8 2.8 11.326
1.7764e-015 8 20.42
-8.4 6 105.5
-7.2 1.2 43.494
-0.4 7.2 18.832
-3.6 -2.8 5.9636
-6.4 5.6 60.728
2 2 0.94679
6.4 6 26.052
9.6 -4.8 110.23
4 3.6 12.369
-2.4 0.8 17.037
6 4.8 24.446
-0.8 -5.2 2.8814
-3.6 2 18.618
1.2 -8.4 19.714
1.6 1.2 -4.7042
2.4 -1.6 8.0084
7.6 -8.8 106.49
4.4 0.4 16.486
5.6 7.6 15.936
-5.6 2.4 29.252
7.2 1.2 30.884
0.4 -1.6 10.113
8.8 10 26.46
3.2 -4.8 22.481
-2 -7.2 1.495
-2.4 1.6 9.3962
-1.6 -4 -0.65328
1.7764e-015 2.4 6.896
1.6 2.8 8.9003
7.2 2 38.713
0.4 -9.2 23.57
-1.2 -1.6 -3.4517
9.6 0.4 64.33
5.2 -9.6 73.29
-8 -4 31.318
-4.8 8.8 72.527
-2 1.7764e-015 3.7699
5.6 5.6 17.287
-4 9.6 63.441
5.6 1.2 10.96
-0.4 1.6 0.44142
3.2 2.4 5.8102
-1.6 -3.6 -1.8433
-3.6 -4.4 2.9442
1.6 -2.8 2.3996
6.8 -8.4 86.579
7.2 6 30.061
0.8 -8.8 15.934
2.8 2.4 12.175
2.4 -4.4 11.811
4 -2 9.588
-5.2 -8.8 8.8673
-1.2 4 9.8574
-3.6 0.8 21.721
-9.2 -8 31.5
6.4 -9.6 91.031
-5.6 0.8 23.628
-1.6 -0.4 -8.0854
10 5.2 35.487
0.8 -2 -1.6545
