2.127 -11.948
-0.306 12.507
2.835 -80.591
2.817 -96.035
1.788 -35.838
0.552 -7.0226
-1.383 2.7046
-1.203 0.56013
-1.086 -16.981
-0.879 2.6102
1.443 -32.506
2.85 -94.619
-2.676 11.316
-0.621 6.8219
0.201 -2.5356
2.469 -55.932
-1.251 11.971
-0.501 12.081
-1.539 -19.232
0.966 -26.125
0.798 -9.4288
0.783 14.973
0.648 5.524
-2.919 0.22585
-0.993 7.4162
1.566 16.703
-0.045 -10.713
2.877 -89.325
0.399 -17.138
-1.557 5.047
-1.791 -4.2355
-2.505 -0.50774
-2.067 18.848
-0.804 3.9536
1.524 -20.09
1.752 5.3261
2.313 -51.567
0.639 -7.9379
0.708 3.3727
-0.465 -0.31204
0.288 10.264
-2.946 -23.001
-1.458 -8.6221
-1.758 8.2866
2.55 -55.839
-0.03 11.693
-0.177 6.6501
-0.921 -1.0608
2.928 -89.095
0.273 12.628
1.419 -4.8894
-2.355 9.2138
0.111 5.2704
-1.47 -12.095
2.694 -69.258
2.001 -22.626
0.336 -13.767
-0.936 -9.725
1.209 28.974
-1.575 -20.893
2.328 -28.031
1.905 -6.7493
0.795 9.7512
-1.158 13.716
-0.771 16.874
2.223 -45.71
2.745 -66.783
0 -4.5718
2.628 -64.276
0.072 9.3361
0.93 2.9367
-2.763 -6.6859
-2.046 9.5657
-2.343 -4.6392
-0.228 -9.3522
0.204 6.5378
2.634 -78.789
-1.74 -0.26783
-2.721 20.666
0.915 -3.4081
0.495 14.565
2.457 -50.765
1.362 -24.7
-1.341 19.402
2.607 -75.36
-0.753 29.714
-1.119 -2.2053
-1.698 -3.0713
-2.829 -9.5623
1.86 -6.4619
0.99 8.569
-0.78 -17.794
-2.382 -4.2657
0.264 -16.661
2.535 -56.78
-2.775 7.6386
-2.553 23.701
2.277 -30.028
-1.197 -5.2028
-0.564 -9.7585
1.956 -4.6768
2.094 -23.161
2.427 -39.05
2.271 -3.6573
-0.435 -4.5234
-0.006 0.25788
1.506 6.6138
-2.136 16.953
0.714 -0.4333
2.703 -81.307
1.95 -21.564
-0.039 10.64
1.374 11.751
0.462 -4.3369
-0.456 -27.007
-1.401 10.698
-2.481 18.723
-0.267 -1.8777
-0.612 13.856
2.841 -85.436
0.045 -10.621
-0.507 1.5442
2.709 -50.134
0.9 15.598
1.203 -18.084
1.554 -1.1883
-0.84 9.0814
0.387 7.9191
0.702 17.353
1.665 -25.652
1.446 -20.966
1.749 -8.2619
-1.857 -5.9813
2.13 -20.545
-1.8 -13.023
2.037 -16.102
-1.017 17.546
-2.211 23.557
1.68 -5.5714
-2.091 -1.1189
-1.611 15.152
0.018 -0.067656
1.938 -3.6692
-1.35 -0.39466
2.316 -25.417
1.134 15.394
2.838 -110.34
1.677 13.454
-0.372 24.856
-1.449 -3.2624
1.647 -4.0665
1.962 -14.426
0.999 -6.0043
1.785 -32.736
2.046 -31.291
0.39 2.3538
-2.013 1.8635
-2.925 14.78
-1.899 4.481
0.606 -6.4222
-1.977 -1.4436
-2.346 8.3693
2.982 -133
1.368 -10.664
0.135 -16.214
1.722 -16.286
-0.012 -9.5331
0.855 1.4108
0.66 3.6983
2.076 -32.592
-0.696 7.4148
0.081 -21.655
2.421 -40.835
-2.139 18.237
1.116 -3.3614
-1.596 14.11
2.325 -13.758
1.023 -3.8461
-1.095 20.055
-1.761 -10.897
0.486 -22.235
-1.527 1.7229
-1.326 -11.794
2.496 -31.222
-2.757 2.7679
2.013 -23.359
-1.656 -6.5979
1.776 -18.288
-0.657 28.951
2.988 -131.5
-2.28 7.7881
-0.483 12.845
-1.137 -22.461
0.189 -5.625
1.278 1.169
0.27 2.6039
0.174 2.3776
-2.478 11.068
-1.782 0.87848
-2.613 -9.2828
-2.451 11.839
-2.424 13.366
-2.445 11.665
-1.317 -4.7967
1.683 -25.753
0.483 -7.8149
2.283 -35.79
-1.701 -2.705
1.533 -2.1416
-0.195 15.091
0.456 -0.081441
2.7 -73.531
0.996 -4.2966
-0.648 -11.671
1.887 1.2124
0.477 -17.483
2.433 -32.519
-2.67 11.152
2.448 -37.259
-2.283 6.0906
-0.258 -9.3097
-1.044 6.7865
1.275 2.8614
2.259 -29.689
2.724 -74.919
-2.802 10.502
0.753 25.183
-0.996 16.02
-0.402 4.7088
-2.619 -0.90287
1.467 -13.327
-1.551 2.7905
2.868 -90.005
2.715 -73.422
0.102 -20.399
0.912 16.535
-0.765 10.39
2.727 -81.762
-2.292 -16.974
1.902 -23.912
-2.394 16.238
2.943 -116.1
0.027 12.889
2.43 -25.213
-2.295 10.768
1.431 -1.5991
-0.201 -20.124
2.079 -43.76
-1.311 11.103
-1.812 11.264
2.895 -94.681
0.63 23.002
1.257 12.555
-2.634 3.7591
-2.652 13.877
1.731 -8.9337
2.184 -24.708
0.06 3.2082
-2.547 -1.5636
1.623 -3.4018
2.655 -92.798
-2.388 7.072
2.208 -52.328
-2.898 1.3669
-1.116 -7.5606
0.975 -13.794
0.381 0.71332
-1.665 -0.85941
0.18 -23.139
-1.461 -12.461
2.337 -36.756
2.544 -61.543
0.867 1.2579
0.162 -6.4562
-1.23 -7.0077
1.494 -0.70551
-2.055 6.1823
-2.484 11.443
2.193 -27.888
-2.745 6.7247
-2.727 17.605
-0.885 16.615
0.048 1.1007
2.415 -50.149
2.247 -20.473
1.122 -16.995
1.809 -10.662
-2.493 7.3457
-0.951 -12.551
-2.214 -26.685
0.909 -3.1995
2.532 -33.666
1.11 5.2672
-0.189 -5.2887
0.234 6.7505
-1.59 4.2959
-1.404 16.858
1.545 5.571
-0.828 3.5442
-1.515 23.256
0.738 12.401
0.549 -12.104
-0.396 -5.5359
-2.622 22.079
0.963 0.10248
-0.324 22.09
-1.728 15.603
-1.257 1.9063
2.028 -18.534
0.87 9.4566
-0.321 -8.612
-0.342 12.229
-1.296 -7.3145
-0.87 -3.3821
1.917 -35.71
-1.863 9.1545
2.418 -36.727
2.334 -54.515
-0.918 9.8591
1.602 -4.5618
1.593 -1.0099
-1.68 4.9161
1.8 -1.2127
2.706 -91.023
-1.17 13.09
1.26 -15.616
-1.614 -9.9572
-2.166 -2.0473
-1.509 11.579
-1.032 -8.6062
-1.713 13.378
-2.022 11.786
1.02 7.5405
2.853 -93.134
0.627 -5.0705
-2.688 22.559
1.821 -14.711
-1.224 6.8241
-1.287 6.9199
-0.453 -8.7441
-1.323 -3.2486
-0.768 -20.036
2.016 -8.797
1.539 -16.984
0.522 10.678
2.019 -20.894
2.232 -45.331
-1.719 12.415
1.476 -5.0642
0.948 7.9042
-1.482 3.9578
-2.058 -1.6465
0.654 8.3788
-2.364 15.443
-0.681 6.6547
2.916 -112.92
-2.049 -10.711
-0.186 -10.456
1.182 -10.435
-2.313 2.7365
0.441 -4.3899
2.361 -52.729
0.942 -13.393
-0.114 13.737
-2.835 27.931
-0.93 16.638
-1.008 10.79
2.472 -31.934
-2.997 16.108
-1.059 11.216
2.961 -104.47
-0.702 3.8249
-0.9 -9.6231
-1.722 -5.6942
0.294 -1.0368
2.499 -61.514
-1.107 -4.3576
-1.962 3.0724
0.645 8.5079
2.487 -54.71
2.649 -79.086
0.096 -3.8152
1.488 -11.853
2.382 -41.154
-1.08 -16.849
-2.34 -18.68
0.669 6.8812
1.515 -20.298
-1.563 25.532
0.147 0.5675
2.07 -8.2082
0.603 -3.9297
1.263 -19.399
-2.568 4.0315
-0.33 -8.8866
-0.336 -6.3466
-2.469 10.663
-0.57 -1.3688
2.1 -10.068
-1.638 24
0.666 7.4384
1.83 -34.297
-0.912 6.7147
1.221 -8.209
1.911 -11.521
1.614 11.573
0.636 18.692
-1.785 -2.5945
-1.05 7.9049
2.322 -45.475
-0.303 -7.6184
-0.597 9.3729
-2.199 16.079
1.197 -5.2747
2.793 -88.756
-0.69 -17.011
0.921 10.902
-1.365 -12.376
-0.129 7.7852
1.245 0.91966
-2.439 -12.441
1.293 -10.678
-2.754 12.269
0.237 1.0598
-2.466 3.6835
-2.472 -4.6962
1.224 9.7223
2.736 -74.762
0.741 -5.9959
1.32 6.8492
0.903 3.9051
0.642 -7.9031
1.002 3.0474
2.922 -89.696
-2.607 3.7389
1.899 -19.202
0.993 3.203
1.596 12.662
-1.314 -3.5961
-0.432 -1.9139
-2.592 6.88
2.376 -22.568
-2.271 -11.802
1.149 -15.523
1.269 -10.551
1.947 -15.466
-2.163 13.758
0.435 -15.5
-2.184 11.19
-2.31 1.7178
1.317 -0.91163
-1.944 12.621
-0.477 -2.5863
-2.934 3.4736
-0.579 -2.5888
-0.033 -9.6902
1.35 18.793
-2.805 19.114
2.058 -29.577
1.548 -2.5294
2.568 -68.125
-0.051 -10.704
-2.799 18.791
0.297 -1.6309
0.219 -3.1868
2.124 -46.478
0.009 -24.576
1.077 -0.44034
1.662 -7.3576
-1.293 -7.9368
-1.902 -4.0516
-1.803 -10.068
-1.926 4.0316
1.572 4.238
-2.523 8.7254
-1.164 -11.758
2.775 -100.67
-2.061 -22.794
-2.877 8.7097
0.12 -3.8627
1.89 -18.597
-2.274 -2.9411
1.806 -11.65
2.919 -103.54
-2.859 7.0517
-0.078 -13.936
-2.886 3.9316
-0.312 9.6446
0.225 -21.467
-1.602 -5.355
-1.299 -4.0365
-1.254 4.1057
0.213 -13.745
2.88 -89.769
-2.421 -2.9632
-2.145 2.5609
-0.795 8.5808
-0.504 -17.464
-1.02 -4.9879
-2.514 -11.305
-1.338 7.5434
-2.238 -5.0152
2.235 -40.035
-1.356 4.3716
-2.841 -4.4247
-1.443 7.834
-0.231 7.0989
-1.125 6.3223
-0.75 5.5946
-2.571 18.24
-1.965 -3.9241
-1.545 6.1291
0.684 16.1
0.333 -13.465
0.846 6.4714
0.228 -8.7395
0.396 19.459
-2.769 8.951
2.526 -60.844
-2.331 -0.6628
-1.098 -11.441
0.657 -0.64508
2.295 -40.405
-0.387 0.28771
1.086 -2.88
-2.748 8.5576
1.047 3.9267
-2.217 24.752
-1.881 -12.517
1.923 -13.188
1.527 -12.757
-1.911 6.911
-0.987 0.91971
-2.601 3.5033
1.164 -9.3559
-1.788 -13.555
-0.414 20.708
-0.726 -10.354
2.925 -87.011
0.321 12.864
1.668 0.96592
-1.824 10.743
1.479 -5.2476
0.582 -20.849
1.74 3.2817
2.139 -45.418
-1.686 -4.5929
-0.411 8.9686
2.007 -26.143
-0.438 4.7616
-0.891 -8.9506
-0.315 2.5208
1.074 -15.842
2.874 -106.16
-0.957 -10.276
0.618 6.7146
2.493 -60.838
0.78 2.3874
1.176 2.7816
2.847 -82.997
2.367 -52.485
-1.629 2.9223
-2.097 2.2317
-0.81 19.046
-0.588 -4.2214
-1.974 8.6514
2.004 -17.548
0.141 6.3804
-1.386 0.057641
-0.678 -5.0727
-1.047 6.3897
2.109 -31.369
0.732 -1.4527
-1.929 6.1586
-2.298 19.229
-2.22 3.8563
-1.083 1.0303
-0.345 -14.02
-2.715 8.1067
-2.007 5.3535
0.282 -9.9259
-1.329 19.533
2.643 -78.911
1.833 -8.0901
2.958 -112.82
2.181 -21.499
3 -120.57
0.954 -8.426
-0.111 -11.501
-2.985 10.365
2.667 -68.329
1.473 3.2388
1.839 -12.556
2.826 -93.459
0.804 -3.9044
2.763 -84.809
1.131 -3.3187
2.625 -46.529
0.324 -11.789
1.818 -5.0721
2.364 -49.17
-0.669 2.696
-1.941 -4.3403
-1.875 2.5172
-0.39 11.202
1.284 0.89478
1.44 6.7427
1.626 9.947
0.75 8.7165
-0.063 0.78103
0.801 6.0617
-0.327 1.8673
0.153 8.5383
1.167 -8.1736
-2.61 -7.696
-1.593 11.306
-1.755 -4.9625
-1.062 -1.0879
2.46 -68.077
1.797 -11.309
1.38 4.0826
0.861 -13.29
-0.915 16.934
0.534 2.9942
1.383 -2.8909
-0.552 -11.715
-1.485 -11.705
0.687 -1.9006
2.424 -51.714
0.717 -10.975
2.592 -39.835
0.108 8.6002
2.769 -100.61
0.459 -0.13675
-0.546 -9.7426
2.385 -50.809
-2.133 14.813
2.967 -105.92
0.729 1.7525
-2.826 6.6811
-0.984 5.0196
1.125 -5.62
2.115 -37.181
-0.783 4.4687
2.823 -94.798
2.256 -52.619
0.246 -5.6286
1.56 -12.706
-1.905 -2.7808
0.378 -7.3533
-2.901 2.7399
2.145 -28.559
2.811 -69.815
-0.864 -2.0999
2.01 -23.987
0.849 -5.8824
-1.305 13.227
-2.838 6.6331
-1.554 -4.0714
0.453 9.358
1.179 5.7123
-2.682 0.91423
-0.687 20.024
2.784 -63.865
0.84 8.0394
-2.151 -3.8022
-2.319 -2.0371
2.352 -36.036
-0.942 -1.9272
-2.577 -6.0216
0.984 -1.5674
-1.431 11.699
0.873 -0.30486
0.879 0.25085
2.475 -42.19
-1.014 -2.7344
2.586 -53.926
-1.764 7.9971
0.771 37.805
-2.988 33.576
2.253 -16.623
-0.048 6.5146
-0.48 0.68021
0.03 -5.0272
-1.95 -14.332
-0.363 -7.4665
1.452 -5.0984
1.569 -11.918
-2.589 15.807
-2.784 4.8894
1.611 3.1924
2.205 -23.234
2.865 -91.361
0.078 -5.5153
2.34 -24.442
2.4 -30.195
-2.844 7.5022
2.034 -28.03
2.547 -57.765
1.191 14.801
-1.332 24.427
0.51 -10.464
-0.519 2.6666
-0.276 2.3429
0.765 -0.45693
-0.147 22.992
1.509 19.535
2.946 -110.4
-2.433 5.1995
2.577 -58.801
-1.155 -7.5381
1.227 3.9934
-1.074 6.464
-2.349 -9.9886
-2.43 -1.7155
-1.896 -18.057
2.199 -35.352
1.944 -19.384
-1.806 0.31612
-2.808 8.5058
-1.668 -1.4767
2.298 -41.062
2.94 -123.1
-1.029 -18.429
0.186 -3.4864
-1.434 -2.8313
0.498 14.471
-0.087 -1.1746
1.206 -7.7445
2.403 -22.742
0.894 11.552
-0.516 -6.3301
0.156 10.871
-0.159 9.5273
-2.025 17.695
-2.583 -4.0196
2.748 -93.632
1.758 -16.67
0.699 -19.641
1.983 -4.2651
-0.24 3.5957
2.964 -127.53
2.721 -67.809
1.584 -2.1268
-2.73 1.5985
-2.442 0.36577
2.991 -101.87
1.089 1.8953
2.601 -62.469
-2.625 -19.421
-0.777 10.352
2.553 -67.816
-2.658 -29.381
-1.179 -4.6079
2.268 -42.112
2.265 -45.143
-2.244 5.3068
-0.867 11.615
-0.819 -3.9414
-0.399 -3.623
-1.377 1.703
1.344 -13.671
-1.773 15.079
-1.626 6.8723
1.041 5.2979
1.743 -13.534
0.309 19.671
-2.328 18.704
1.764 -19.091
-2.736 17.954
1.653 -11.215
1.878 -10.49
-1.956 7.6852
2.436 -68.022
1.641 -7.5909
0.69 -7.8184
-1.452 2.0728
-0.927 15.367
-0.939 0.36693
-1.986 5.056
-1.635 10.186
1.635 4.0848
-2.823 1.0943
-0.585 0.4667
1.128 -17.335
1.464 -6.5179
2.904 -88.39
-1.935 -2.5966
2.304 -35.667
0.372 -9.7962
0.777 -10.571
0.588 -8.9136
0.939 5.7789
-0.3 -19.205
0.351 5.91
1.425 15.207
-2.202 27.518
-2.847 -9.36
-2.496 15.135
0.075 22.778
2.388 -48.304
-0.183 4.6213
-2.079 10.763
1.725 -2.2449
-0.213 -5.2882
-0.843 -9.585
-1.026 -0.28792
-1.347 -2.4609
-2.952 26.818
-2.904 3.0393
-1.827 -3.5548
-2.604 13.549
-0.099 3.4139
0.066 10.44
2.163 -12.576
1.719 2.1172
2.997 -106.71
-2.526 15.054
2.565 -41.519
0.249 -6.283
-0.948 6.4606
-2.427 6.2035
-2.406 -4.7202
-1.209 7.7748
-0.954 -0.97765
0.051 -12.665
-0.354 -23.472
-2.502 -0.12478
-0.594 10.208
-0.234 0.11598
-1.302 -0.32738
-2.016 10.191
1.2 0.95953
-2.487 -6.4985
2.52 -25.679
0.012 11.211
-1.476 -9.6441
-1.425 21.24
-2.256 -13.91
2.052 -5.2639
-0.786 -12.574
1.011 18.057
0.768 -3.9307
2.172 -31.77
-1.524 6.0761
-0.567 -8.4033
2.796 -94.437
1.308 -3.2014
-1.53 -8.6918
0.96 -3.0273
1.854 1.8686
0.525 9.206
-2.811 15.807
2.751 -76.24
0.558 4.5017
1.299 9.4641
0.279 -9.8077
2.439 -55.177
-0.351 -0.29516
2.229 -36.934
-1.662 -2.7018
2.76 -78.739
-2.538 7.4731
0.468 0.91655
-2.664 21.242
1.686 -8.9901
-1.998 29.112
1.503 -1.9204
2.949 -120.31
-0.009 14.009
0.15 -6.607
1.986 -16.446
-0.339 -14.107
-2.796 22.312
-1.134 8.9582
0.834 -12.348
-1.362 8.7156
-2.376 18.357
1.254 10.144
1.659 -3.043
-2.262 -11.402
-1.584 -6.4736
-2.391 2.0801
-0.744 -33.148
1.353 2.8788
-1.908 10.322
-1.749 2.7258
-1.206 -17.024
1.266 5.7217
-0.723 -4.5666
1.893 -6.735
-1.308 -7.284
-0.417 -9.9712
-0.627 20.186
-0.636 5.2776
-1.623 -19.391
1.872 -10.16
-1.89 12.05
0.471 5.0847
2.055 -16.915
0.663 -6.7147
2.901 -117.28
-0.981 -2.8818
-0.468 -11.133
-1.98 12.162
-1.872 -2.1038
0.723 8.3112
-2.709 14.04
1.311 -4.2495
-2.865 20.45
-1.653 11.326
2.196 -40.108
-1.608 -4.1681
-0.558 5.8974
0.318 25.186
-0.738 10.981
-0.816 -8.445
0.117 -3.6298
1.155 11.446
0.756 -19.585
0.21 4.7427
2.613 -71.474
-0.156 14.988
-2.418 -16.298
-0.246 -3.2091
-2.031 -3.8532
1.302 7.7541
1.896 -7.875
-1.233 0.99247
-0.444 4.7618
-2.982 3.2157
1.977 1.058
-2.718 8.1605
2.187 -37.119
1.671 1.6966
1.599 21.892
2.673 -64.601
-0.297 12.763
1.146 -7.7022
2.394 -39.338
2.226 -23.395
-1.983 10.792
-2.115 13.367
-1.185 13.262
-1.644 -0.041073
1.746 -6.8565
1.053 -1.4235
-0.774 4.8931
0.858 8.094
1.59 -15.591
-1.506 17.571
-1.101 12.602
0.726 1.5076
2.502 -64.919
-1.518 -9.2864
2.79 -84.204
-2.325 3.7712
2.871 -102.93
0.897 -9.5179
1.185 2.6595
1.497 0.53723
2.349 -27.338
-2.991 7.1879
2.886 -91.514
0.366 19.558
0.267 -5.5829
-1.242 -1.3385
-0.357 -11.739
-2.241 -15.574
-1.716 2.2843
-0.6 -5.2204
-1.278 10.478
2.562 -53.448
1.386 7.8845
-0.135 -14.963
-0.12 9.2916
0.789 15.264
0.888 -8.044
-2.868 22.872
0.402 -1.6224
-0.498 -14.849
2.244 -34.442
1.092 -7.2985
-0.51 15.28
-1.035 -6.8813
-1.398 -14.473
-1.128 4.6941
0.09 -5.4123
2.781 -82.709
-2.751 8.7463
-1.44 -7.3126
0.426 -4.2858
-0.171 11.708
-2.85 0.35376
-0.906 13.394
-1.797 -13.568
0.006 -12.373
-0.486 -3.852
1.026 -6.3023
-0.492 8.4493
