2.127 -11.948
-0.306 12.507
2.835 -80.591
2.817 -96.035
1.788 -35.838
0.552 -7.0226
-1.383 2.7046
-1.203 0.56013
-1.086 -16.981
-0.879 2.6102
1.443 -32.506
2.85 -94.619
-2.676 11.316
-0.621 6.8219
0.201 -2.5356
2.469 -55.932
-1.251 11.971
-0.501 12.081
-1.539 -19.232
0.966 -26.125
0.798 -9.4288
0.783 14.973
0.648 5.524
-2.919 0.22585
-0.993 7.4162
1.566 16.703
-0.045 -10.713
2.877 -89.325
0.399 -17.138
-1.557 5.047
-1.791 -4.2355
-2.505 -0.50774
-2.067 18.848
-0.804 3.9536
1.524 -20.09
1.752 5.3261
2.313 -51.567
0.639 -7.9379
0.708 3.3727
-0.465 -0.31204
0.288 10.264
-2.946 -23.001
-1.458 -8.6221
-1.758 8.2866
2.55 -55.839
-0.03 11.693
-0.177 6.6501
-0.921 -1.0608
2.928 -89.095
0.273 12.628
1.419 -4.8894
-2.355 9.2138
0.111 5.2704
-1.47 -12.095
2.694 -69.258
2.001 -22.626
0.336 -13.767
-0.936 -9.725
1.209 28.974
-1.575 -20.893
2.328 -28.031
1.905 -6.7493
0.795 9.7512
-1.158 13.716
-0.771 16.874
2.223 -45.71
2.745 -66.783
0 -4.5718
2.628 -64.276
0.072 9.3361
0.93 2.9367
-2.763 -6.6859
-2.046 9.5657
-2.343 -4.6392
-0.228 -9.3522
0.204 6.5378
2.634 -78.789
-1.74 -0.26783
-2.721 20.666
0.915 -3.4081
0.495 14.565
2.457 -50.765
1.362 -24.7
-1.341 19.402
2.607 -75.36
-0.753 29.714
-1.119 -2.2053
-1.698 -3.0713
-2.829 -9.5623
1.86 -6.4619
0.99 8.569
-0.78 -17.794
-2.382 -4.2657
0.264 -16.661
2.535 -56.78
-2.775 7.6386
-2.553 23.701
2.277 -30.028
-1.197 -5.2028
-0.564 -9.7585
